Iteration,Fitness,FEvals,Time,State,Population Size,Mutation Rate,max_iters
0,0.0,100,0.002422080986434594,"[0, 1, 1, 0]",100,0.4,512
1,10.0,202,0.008803762990282848,"[1, 0, 1, 0]",100,0.4,512
2,10.0,303,0.014906647003954276,"[1, 0, 1, 0]",100,0.4,512
4,10.0,505,0.02640225298819132,"[1, 0, 1, 0]",100,0.4,512
8,10.0,909,0.04846990798250772,"[1, 0, 1, 0]",100,0.4,512
16,10.0,1717,0.09250081400386989,"[1, 0, 1, 0]",100,0.4,512
32,10.0,3333,0.17906231799861416,"[1, 0, 1, 0]",100,0.4,512
64,10.0,6565,0.35576136800227687,"[1, 0, 1, 0]",100,0.4,512
128,10.0,13029,0.7046616089937743,"[1, 0, 1, 0]",100,0.4,512
256,10.0,25957,1.3942610090016387,"[1, 0, 1, 0]",100,0.4,512
512,10.0,50702,2.7298737170058303,"[1, 0, 1, 0]",100,0.4,512
0,0.0,100,0.0020208180067129433,"[0, 1, 1, 0]",100,0.5,512
1,10.0,202,0.009224259993061423,"[1, 0, 1, 0]",100,0.5,512
2,10.0,303,0.016157917998498306,"[1, 0, 1, 0]",100,0.5,512
4,10.0,505,0.029069017997244373,"[1, 0, 1, 0]",100,0.5,512
8,10.0,909,0.052293306012870744,"[1, 0, 1, 0]",100,0.5,512
16,10.0,1717,0.0988674430118408,"[1, 0, 1, 0]",100,0.5,512
32,10.0,3333,0.18981172700296156,"[1, 0, 1, 0]",100,0.5,512
64,10.0,6565,0.3641227940097451,"[1, 0, 1, 0]",100,0.5,512
128,10.0,13029,0.7096326260070782,"[1, 0, 1, 0]",100,0.5,512
256,10.0,25957,1.4120156330172904,"[1, 0, 1, 0]",100,0.5,512
512,10.0,50702,2.765895424003247,"[1, 0, 1, 0]",100,0.5,512
0,0.0,100,0.0019945069798268378,"[0, 1, 1, 0]",100,0.6,512
1,10.0,202,0.009364776982693002,"[1, 0, 1, 0]",100,0.6,512
2,10.0,303,0.016758154990384355,"[1, 0, 1, 0]",100,0.6,512
4,10.0,505,0.029752764996374026,"[1, 0, 1, 0]",100,0.6,512
8,10.0,909,0.05339411000022665,"[1, 0, 1, 0]",100,0.6,512
16,10.0,1717,0.09876111100311391,"[1, 0, 1, 0]",100,0.6,512
32,10.0,3333,0.18938997999066487,"[1, 0, 1, 0]",100,0.6,512
64,10.0,6565,0.3736516329809092,"[1, 0, 1, 0]",100,0.6,512
128,10.0,13029,0.7358082959835883,"[1, 0, 1, 0]",100,0.6,512
256,10.0,25957,1.4669409960042685,"[1, 0, 1, 0]",100,0.6,512
512,10.0,50702,2.8683419229928404,"[1, 0, 1, 0]",100,0.6,512
0,0.0,150,0.0030536930134985596,"[0, 1, 1, 0]",150,0.4,512
1,10.0,302,0.013766044023213908,"[1, 0, 1, 0]",150,0.4,512
2,10.0,453,0.02452210200135596,"[1, 0, 1, 0]",150,0.4,512
4,10.0,755,0.043341492011677474,"[1, 0, 1, 0]",150,0.4,512
8,10.0,1359,0.07823147100862116,"[1, 0, 1, 0]",150,0.4,512
16,10.0,2567,0.14637591800419614,"[1, 0, 1, 0]",150,0.4,512
32,10.0,4983,0.27938387100584805,"[1, 0, 1, 0]",150,0.4,512
64,10.0,9815,0.5497450920229312,"[1, 0, 1, 0]",150,0.4,512
128,10.0,19479,1.0720777360256761,"[1, 0, 1, 0]",150,0.4,512
256,10.0,38807,2.1191349910222925,"[1, 0, 1, 0]",150,0.4,512
512,10.0,75802,4.124510643014219,"[1, 0, 1, 0]",150,0.4,512
0,0.0,150,0.002979967975988984,"[0, 1, 1, 0]",150,0.5,512
1,10.0,302,0.014154108997900039,"[1, 0, 1, 0]",150,0.5,512
2,10.0,453,0.025801046984270215,"[1, 0, 1, 0]",150,0.5,512
4,10.0,755,0.04530395398614928,"[1, 0, 1, 0]",150,0.5,512
8,10.0,1359,0.08070365499588661,"[1, 0, 1, 0]",150,0.5,512
16,10.0,2567,0.1496893839794211,"[1, 0, 1, 0]",150,0.5,512
32,10.0,4983,0.28317619499284774,"[1, 0, 1, 0]",150,0.5,512
64,10.0,9815,0.5477834729827009,"[1, 0, 1, 0]",150,0.5,512
128,10.0,19479,1.0684952679730486,"[1, 0, 1, 0]",150,0.5,512
256,10.0,38807,2.1298215049901046,"[1, 0, 1, 0]",150,0.5,512
512,10.0,75802,4.15136905797408,"[1, 0, 1, 0]",150,0.5,512
0,0.0,150,0.002968387008877471,"[0, 1, 1, 0]",150,0.6,512
1,10.0,302,0.01472261201706715,"[1, 0, 1, 0]",150,0.6,512
2,10.0,453,0.02728704400942661,"[1, 0, 1, 0]",150,0.6,512
4,10.0,755,0.04792634001933038,"[1, 0, 1, 0]",150,0.6,512
8,10.0,1359,0.08459067699732259,"[1, 0, 1, 0]",150,0.6,512
16,10.0,2567,0.15683015299146064,"[1, 0, 1, 0]",150,0.6,512
32,10.0,4983,0.294029948010575,"[1, 0, 1, 0]",150,0.6,512
64,10.0,9815,0.5651789100083988,"[1, 0, 1, 0]",150,0.6,512
128,10.0,19479,1.096986021992052,"[1, 0, 1, 0]",150,0.6,512
256,10.0,38807,2.1642113370180596,"[1, 0, 1, 0]",150,0.6,512
512,10.0,75802,4.217172984004719,"[1, 0, 1, 0]",150,0.6,512
0,0.0,200,0.003973669023253024,"[0, 1, 1, 0]",200,0.4,512
1,10.0,402,0.019962361024226993,"[0, 0, 0, 1]",200,0.4,512
2,10.0,603,0.035499930003425106,"[0, 0, 0, 1]",200,0.4,512
4,10.0,1005,0.06128831100068055,"[0, 0, 0, 1]",200,0.4,512
8,10.0,1809,0.10808383100084029,"[0, 0, 0, 1]",200,0.4,512
16,10.0,3417,0.19766461601830088,"[0, 0, 0, 1]",200,0.4,512
32,10.0,6633,0.3755410830199253,"[0, 0, 0, 1]",200,0.4,512
64,10.0,13065,0.7276340250100475,"[0, 0, 0, 1]",200,0.4,512
128,10.0,25929,1.4269554630154744,"[0, 0, 0, 1]",200,0.4,512
256,10.0,51657,2.8286049570015166,"[0, 0, 0, 1]",200,0.4,512
512,10.0,100902,5.49589855002705,"[0, 0, 0, 1]",200,0.4,512
0,0.0,200,0.0038638880068901926,"[0, 1, 1, 0]",200,0.5,512
1,10.0,402,0.019678992015542462,"[1, 0, 1, 0]",200,0.5,512
2,10.0,603,0.03577230000519194,"[1, 0, 1, 0]",200,0.5,512
4,10.0,1005,0.062203172012232244,"[1, 0, 1, 0]",200,0.5,512
8,10.0,1809,0.11065569799393415,"[1, 0, 1, 0]",200,0.5,512
16,10.0,3417,0.20171682198997587,"[1, 0, 1, 0]",200,0.5,512
32,10.0,6633,0.383914209989598,"[1, 0, 1, 0]",200,0.5,512
64,10.0,13065,0.7367484990099911,"[1, 0, 1, 0]",200,0.5,512
128,10.0,25929,1.437442340014968,"[1, 0, 1, 0]",200,0.5,512
256,10.0,51657,2.8713217370095663,"[1, 0, 1, 0]",200,0.5,512
512,10.0,100902,5.585298598016379,"[1, 0, 1, 0]",200,0.5,512
0,0.0,200,0.0041615320078562945,"[0, 1, 1, 0]",200,0.6,512
1,10.0,402,0.02088923699920997,"[1, 0, 1, 0]",200,0.6,512
2,10.0,603,0.03758151800138876,"[1, 0, 1, 0]",200,0.6,512
4,10.0,1005,0.06526892900001258,"[1, 0, 1, 0]",200,0.6,512
8,10.0,1809,0.11607481600367464,"[1, 0, 1, 0]",200,0.6,512
16,10.0,3417,0.21173384098801762,"[1, 0, 1, 0]",200,0.6,512
32,10.0,6633,0.3921333559846971,"[1, 0, 1, 0]",200,0.6,512
64,10.0,13065,0.752956248994451,"[1, 0, 1, 0]",200,0.6,512
128,10.0,25929,1.4715663350070827,"[1, 0, 1, 0]",200,0.6,512
256,10.0,51657,2.9007588219828904,"[1, 0, 1, 0]",200,0.6,512
512,10.0,100902,5.640251528995577,"[1, 0, 1, 0]",200,0.6,512
