Iteration,Fitness,FEvals,Time,State,schedule_type,schedule_init_temp,schedule_decay,schedule_min_temp,schedule_current_value,Temperature,max_iters
0,0.0,0,6.160800694487989e-05,"[0, 1, 1, 0, 0, 1, 0, 1, 0, 1, 0, 1, 1, 1, 1, 1, 1, 1, 0, 0, 0, 0, 1, 1, 1]",geometric,1,0.99,0.001,0.9999993808190306,1,512
1,0.0,2,0.0009219000057782978,"[0, 1, 1, 0, 0, 1, 1, 1, 0, 1, 0, 1, 1, 1, 1, 1, 1, 1, 0, 0, 0, 0, 1, 1, 1]",geometric,1,0.99,0.001,0.9999907346382423,1,512
2,0.0,4,0.001766072993632406,"[0, 1, 1, 0, 0, 1, 1, 1, 0, 1, 0, 0, 1, 1, 1, 1, 1, 1, 0, 0, 0, 0, 1, 1, 1]",geometric,1,0.99,0.001,0.9999822505307959,1,512
4,0.0,8,0.002628091984661296,"[0, 1, 1, 1, 0, 1, 0, 1, 0, 1, 0, 0, 1, 1, 1, 1, 1, 1, 0, 0, 0, 0, 1, 1, 1]",geometric,1,0.99,0.001,0.9999735871417259,1,512
8,0.0,16,0.0035369120014365762,"[0, 1, 0, 1, 1, 1, 0, 1, 0, 1, 0, 0, 1, 1, 0, 1, 1, 1, 0, 1, 0, 0, 1, 1, 1]",geometric,1,0.99,0.001,0.9999644534782939,1,512
16,2.0,32,0.004563016991596669,"[0, 1, 0, 1, 0, 1, 0, 1, 0, 0, 0, 0, 1, 0, 1, 0, 1, 1, 0, 1, 0, 1, 1, 0, 0]",geometric,1,0.99,0.001,0.9999541411982762,1,512
32,3.0,64,0.005887829989660531,"[1, 0, 0, 0, 0, 0, 1, 1, 1, 0, 0, 1, 1, 0, 1, 0, 1, 0, 0, 1, 1, 1, 0, 0, 0]",geometric,1,0.99,0.001,0.9999408270819418,1,512
64,4.0,124,0.00801911499002017,"[0, 0, 1, 0, 1, 0, 1, 1, 0, 1, 0, 1, 1, 0, 0, 0, 0, 1, 1, 1, 1, 0, 0, 0, 0]",geometric,1,0.99,0.001,0.999919408448776,1,512
128,4.0,239,0.012116862984839827,"[0, 1, 0, 0, 1, 0, 1, 0, 0, 1, 1, 0, 0, 0, 0, 1, 1, 1, 1, 0, 1, 0, 0, 0, 0]",geometric,1,0.99,0.001,0.9998782288722172,1,512
256,34.0,470,0.022785359004046768,"[1, 1, 1, 1, 0, 0, 0, 1, 0, 0, 0, 1, 0, 0, 0, 1, 0, 0, 0, 0, 0, 0, 0, 0, 0]",geometric,1,0.99,0.001,0.9997710257080823,1,512
512,46.0,775,0.05641719498089515,"[1, 1, 1, 1, 0, 0, 0, 0, 0, 0, 0, 0, 0, 0, 0, 0, 0, 0, 0, 0, 0, 0, 0, 0, 0]",geometric,1,0.99,0.001,0.9994331489633178,1,512
0,0.0,0,6.137401214800775e-05,"[0, 1, 1, 0, 0, 1, 0, 1, 0, 1, 0, 1, 1, 1, 1, 1, 1, 1, 0, 0, 0, 0, 1, 1, 1]",geometric,10,0.99,0.001,9.999993831707554,10,512
1,0.0,2,0.001691971003310755,"[0, 1, 1, 0, 0, 1, 1, 1, 0, 1, 0, 1, 1, 1, 1, 1, 1, 1, 0, 0, 0, 0, 1, 1, 1]",geometric,10,0.99,0.001,9.999829952677445,10,512
2,0.0,4,0.0031090769916772842,"[0, 1, 1, 0, 0, 1, 1, 1, 0, 1, 0, 0, 1, 1, 1, 1, 1, 1, 0, 0, 0, 0, 1, 1, 1]",geometric,10,0.99,0.001,9.9996875322023,10,512
4,0.0,8,0.00447634601732716,"[0, 1, 1, 1, 0, 1, 0, 1, 0, 1, 0, 0, 1, 1, 1, 1, 1, 1, 0, 0, 0, 0, 1, 1, 1]",geometric,10,0.99,0.001,9.999550122311094,10,512
8,0.0,16,0.005873695015907288,"[0, 1, 0, 1, 1, 1, 0, 1, 0, 1, 0, 0, 1, 1, 0, 1, 1, 1, 0, 1, 0, 0, 1, 1, 1]",geometric,10,0.99,0.001,9.999409691347791,10,512
16,2.0,32,0.007383118005236611,"[0, 1, 0, 1, 0, 1, 0, 1, 0, 0, 0, 0, 1, 0, 1, 0, 1, 1, 0, 1, 0, 1, 1, 0, 0]",geometric,10,0.99,0.001,9.999257999373622,10,512
32,3.0,64,0.009317023999756202,"[1, 0, 0, 0, 0, 0, 1, 1, 1, 0, 0, 1, 1, 0, 1, 0, 1, 0, 0, 1, 1, 1, 0, 0, 0]",geometric,10,0.99,0.001,9.999063651636623,10,512
64,1.0,128,0.011863463994814083,"[0, 0, 1, 0, 1, 0, 1, 1, 0, 1, 0, 1, 1, 0, 0, 0, 0, 1, 1, 1, 1, 0, 1, 1, 0]",geometric,10,0.99,0.001,9.998807753102945,10,512
128,4.0,256,0.01658450099057518,"[1, 0, 1, 0, 0, 0, 1, 0, 0, 0, 0, 1, 1, 0, 1, 0, 1, 0, 1, 0, 1, 0, 0, 0, 0]",geometric,10,0.99,0.001,9.99833334085389,10,512
256,30.0,503,0.027726928994525224,"[1, 1, 1, 1, 1, 0, 0, 1, 1, 1, 0, 1, 1, 0, 0, 0, 1, 1, 0, 1, 1, 0, 0, 0, 0]",geometric,10,0.99,0.001,9.997213738748892,10,512
512,46.0,809,0.061237368994625285,"[1, 1, 1, 1, 0, 0, 0, 0, 0, 0, 0, 0, 0, 0, 0, 0, 0, 0, 0, 0, 0, 0, 0, 0, 0]",geometric,10,0.99,0.001,9.993847332290919,10,512
0,0.0,0,5.776601028628647e-05,"[0, 1, 1, 0, 0, 1, 0, 1, 0, 1, 0, 1, 1, 1, 1, 1, 1, 1, 0, 0, 0, 0, 1, 1, 1]",geometric,50,0.99,0.001,49.99997097161821,50,512
1,0.0,2,0.002002372988499701,"[0, 1, 1, 0, 0, 1, 1, 1, 0, 1, 0, 1, 1, 1, 1, 1, 1, 1, 0, 0, 0, 0, 1, 1, 1]",geometric,50,0.99,0.001,49.99899378407292,50,512
2,0.0,4,0.0038922530075069517,"[0, 1, 1, 0, 0, 1, 1, 1, 0, 1, 0, 0, 1, 1, 1, 1, 1, 1, 0, 0, 0, 0, 1, 1, 1]",geometric,50,0.99,0.001,49.99804411575822,50,512
4,0.0,8,0.005845384002896026,"[0, 1, 1, 1, 0, 1, 0, 1, 0, 1, 0, 0, 1, 1, 1, 1, 1, 1, 0, 0, 0, 0, 1, 1, 1]",geometric,50,0.99,0.001,49.99706268266062,50,512
8,0.0,16,0.007746180985122919,"[0, 1, 0, 1, 1, 1, 0, 1, 0, 1, 0, 0, 1, 1, 0, 1, 1, 1, 0, 1, 0, 0, 1, 1, 1]",geometric,50,0.99,0.001,49.9961075654942,50,512
16,2.0,32,0.009717203996842727,"[0, 1, 0, 1, 0, 1, 0, 1, 0, 0, 0, 0, 1, 0, 1, 0, 1, 1, 0, 1, 0, 1, 1, 0, 0]",geometric,50,0.99,0.001,49.99511718024855,50,512
32,3.0,64,0.01200968399643898,"[1, 0, 0, 0, 0, 0, 1, 1, 1, 0, 0, 1, 1, 0, 1, 0, 1, 0, 0, 1, 1, 1, 0, 0, 0]",geometric,50,0.99,0.001,49.993965296322855,50,512
64,1.0,128,0.0150449360080529,"[0, 0, 1, 0, 1, 0, 1, 1, 0, 1, 0, 1, 1, 0, 0, 0, 0, 1, 1, 1, 1, 0, 1, 1, 0]",geometric,50,0.99,0.001,49.992440238568776,50,512
128,4.0,256,0.021022481989348307,"[1, 0, 1, 0, 0, 0, 1, 0, 0, 0, 0, 1, 1, 0, 1, 0, 1, 0, 1, 0, 1, 0, 0, 0, 0]",geometric,50,0.99,0.001,49.98943696571075,50,512
256,1.0,510,0.03276616899529472,"[1, 0, 0, 0, 1, 0, 0, 1, 1, 1, 0, 1, 1, 0, 0, 0, 1, 1, 1, 1, 1, 1, 0, 1, 1]",geometric,50,0.99,0.001,49.98353716069408,50,512
512,33.0,968,0.06678362400270998,"[1, 1, 1, 1, 1, 1, 0, 1, 1, 0, 0, 0, 1, 1, 0, 0, 1, 0, 0, 0, 0, 0, 0, 0, 0]",geometric,50,0.99,0.001,49.966451367607405,50,512
0,0.0,0,8.366198744624853e-05,"[0, 1, 1, 0, 0, 1, 0, 1, 0, 1, 0, 1, 1, 1, 1, 1, 1, 1, 0, 0, 0, 0, 1, 1, 1]",geometric,100,0.99,0.001,99.99991591692815,100,512
1,0.0,2,0.0034922689956147224,"[0, 1, 1, 0, 0, 1, 1, 1, 0, 1, 0, 1, 1, 1, 1, 1, 1, 1, 0, 0, 0, 0, 1, 1, 1]",geometric,100,0.99,0.001,99.99649021396476,100,512
2,0.0,4,0.005890511005418375,"[0, 1, 1, 0, 0, 1, 1, 1, 0, 1, 0, 0, 1, 1, 1, 1, 1, 1, 0, 0, 0, 0, 1, 1, 1]",geometric,100,0.99,0.001,99.99408001384278,100,512
4,0.0,8,0.008408586989389732,"[0, 1, 1, 1, 0, 1, 0, 1, 0, 1, 0, 0, 1, 1, 1, 1, 1, 1, 0, 0, 0, 0, 1, 1, 1]",geometric,100,0.99,0.001,99.99154944474986,100,512
8,0.0,16,0.010900062014115974,"[0, 1, 0, 1, 1, 1, 0, 1, 0, 1, 0, 0, 1, 1, 0, 1, 1, 1, 0, 1, 0, 0, 1, 1, 1]",geometric,100,0.99,0.001,99.98904567162378,100,512
16,2.0,32,0.013867645990103483,"[0, 1, 0, 1, 0, 1, 0, 1, 0, 0, 0, 0, 1, 0, 1, 0, 1, 1, 0, 1, 0, 1, 1, 0, 0]",geometric,100,0.99,0.001,99.98606352124764,100,512
32,3.0,64,0.016921350004849955,"[1, 0, 0, 0, 0, 0, 1, 1, 1, 0, 0, 1, 1, 0, 1, 0, 1, 0, 0, 1, 1, 1, 0, 0, 0]",geometric,100,0.99,0.001,99.98299492096316,100,512
64,1.0,128,0.020427551993634552,"[0, 0, 1, 0, 1, 0, 1, 1, 0, 1, 0, 1, 1, 0, 0, 0, 0, 1, 1, 1, 1, 0, 1, 1, 0]",geometric,100,0.99,0.001,99.97947173151735,100,512
128,4.0,256,0.02767060199403204,"[1, 0, 1, 0, 0, 0, 1, 0, 0, 0, 0, 1, 1, 0, 1, 0, 1, 0, 1, 0, 1, 0, 0, 0, 0]",geometric,100,0.99,0.001,99.97219398225904,100,512
256,1.0,511,0.04030994599452242,"[1, 0, 0, 0, 1, 0, 0, 1, 1, 1, 0, 1, 1, 0, 0, 0, 1, 1, 1, 1, 1, 1, 1, 1, 1]",geometric,100,0.99,0.001,99.95949535579864,100,512
512,14.0,988,0.07444014798966236,"[1, 1, 1, 1, 1, 1, 1, 1, 1, 1, 1, 1, 1, 1, 0, 1, 1, 0, 0, 1, 1, 1, 1, 1, 0]",geometric,100,0.99,0.001,99.92521313050197,100,512
0,0.0,0,6.026399205438793e-05,"[0, 1, 1, 0, 0, 1, 0, 1, 0, 1, 0, 1, 1, 1, 1, 1, 1, 1, 0, 0, 0, 0, 1, 1, 1]",geometric,200,0.99,0.001,199.99987886536468,200,512
1,0.0,2,0.002801725990138948,"[0, 1, 1, 0, 0, 1, 1, 1, 0, 1, 0, 1, 1, 1, 1, 1, 1, 1, 0, 0, 0, 0, 1, 1, 1]",geometric,200,0.99,0.001,199.9943684218541,200,512
2,0.0,4,0.005793760996311903,"[0, 1, 1, 0, 0, 1, 1, 1, 0, 1, 0, 0, 1, 1, 1, 1, 1, 1, 0, 0, 0, 0, 1, 1, 1]",geometric,200,0.99,0.001,199.98835449028434,200,512
4,0.0,8,0.008734732982702553,"[0, 1, 1, 1, 0, 1, 0, 1, 0, 1, 0, 0, 1, 1, 1, 1, 1, 1, 0, 0, 0, 0, 1, 1, 1]",geometric,200,0.99,0.001,199.98244337061982,200,512
8,0.0,16,0.01187621898134239,"[0, 1, 0, 1, 1, 1, 0, 1, 0, 1, 0, 0, 1, 1, 0, 1, 1, 1, 0, 1, 0, 0, 1, 1, 1]",geometric,200,0.99,0.001,199.9761294267376,200,512
16,2.0,32,0.014884652977343649,"[0, 1, 0, 1, 0, 1, 0, 1, 0, 0, 0, 0, 1, 0, 1, 0, 1, 1, 0, 1, 0, 1, 1, 0, 0]",geometric,200,0.99,0.001,199.97008308548055,200,512
32,3.0,64,0.018110181001247838,"[1, 0, 0, 0, 0, 0, 1, 1, 1, 0, 0, 1, 1, 0, 1, 0, 1, 0, 0, 1, 1, 1, 0, 0, 0]",geometric,200,0.99,0.001,199.96360063240078,200,512
64,1.0,128,0.02213786999345757,"[0, 0, 1, 0, 1, 0, 1, 1, 0, 1, 0, 1, 1, 0, 0, 0, 0, 1, 1, 1, 1, 0, 1, 1, 0]",geometric,200,0.99,0.001,199.95550634424458,200,512
128,4.0,256,0.028827939997427166,"[1, 0, 1, 0, 0, 0, 1, 0, 0, 0, 0, 1, 1, 0, 1, 0, 1, 0, 1, 0, 1, 0, 0, 0, 0]",geometric,200,0.99,0.001,199.94206229777666,200,512
256,1.0,511,0.04207316899555735,"[1, 0, 0, 0, 1, 0, 0, 1, 1, 1, 0, 1, 1, 0, 0, 0, 1, 1, 1, 1, 1, 1, 1, 1, 1]",geometric,200,0.99,0.001,199.91544798188295,200,512
512,31.0,976,0.07757911898079328,"[1, 1, 1, 1, 1, 1, 0, 0, 1, 1, 0, 0, 0, 0, 1, 1, 0, 0, 0, 0, 1, 0, 0, 0, 0]",geometric,200,0.99,0.001,199.84412153662458,200,512
0,0.0,0,5.6169985327869654e-05,"[0, 1, 1, 0, 0, 1, 0, 1, 0, 1, 0, 1, 1, 1, 1, 1, 1, 1, 0, 0, 0, 0, 1, 1, 1]",geometric,250,0.99,0.001,249.99985886823546,250,512
1,0.0,2,0.0031887689838185906,"[0, 1, 1, 0, 0, 1, 1, 1, 0, 1, 0, 1, 1, 1, 1, 1, 1, 1, 0, 0, 0, 0, 1, 1, 1]",geometric,250,0.99,0.001,249.99198807857286,250,512
2,0.0,4,0.0066306729859206825,"[0, 1, 1, 0, 0, 1, 1, 1, 0, 1, 0, 0, 1, 1, 1, 1, 1, 1, 0, 0, 0, 0, 1, 1, 1]",geometric,250,0.99,0.001,249.98334043249622,250,512
4,0.0,8,0.010504321980988607,"[0, 1, 1, 1, 0, 1, 0, 1, 0, 1, 0, 0, 1, 1, 1, 1, 1, 1, 0, 0, 0, 0, 1, 1, 1]",geometric,250,0.99,0.001,249.97360840217536,250,512
8,0.0,16,0.013830151001457125,"[0, 1, 0, 1, 1, 1, 0, 1, 0, 1, 0, 0, 1, 1, 0, 1, 1, 1, 0, 1, 0, 0, 1, 1, 1]",geometric,250,0.99,0.001,249.96525299931454,250,512
16,2.0,32,0.0171917479892727,"[0, 1, 0, 1, 0, 1, 0, 1, 0, 0, 0, 0, 1, 0, 1, 0, 1, 1, 0, 1, 0, 1, 1, 0, 0]",geometric,250,0.99,0.001,249.95680802122362,250,512
32,3.0,64,0.02088124697911553,"[1, 0, 0, 0, 0, 0, 1, 1, 1, 0, 0, 1, 1, 0, 1, 0, 1, 0, 0, 1, 1, 1, 0, 0, 0]",geometric,250,0.99,0.001,249.94753961865834,250,512
64,1.0,128,0.02581455698236823,"[0, 0, 1, 0, 1, 0, 1, 1, 0, 1, 0, 1, 1, 0, 0, 0, 0, 1, 1, 1, 1, 0, 1, 1, 0]",geometric,250,0.99,0.001,249.93514717133826,250,512
128,4.0,256,0.03234637598507106,"[1, 0, 1, 0, 0, 0, 1, 0, 0, 0, 0, 1, 1, 0, 1, 0, 1, 0, 1, 0, 1, 0, 0, 0, 0]",geometric,250,0.99,0.001,249.91874022359153,250,512
256,1.0,511,0.0463314879743848,"[1, 0, 0, 0, 1, 0, 0, 1, 1, 1, 0, 1, 1, 0, 0, 0, 1, 1, 1, 1, 1, 1, 1, 1, 1]",geometric,250,0.99,0.001,249.88361534550265,250,512
512,32.0,1002,0.08117027700063772,"[1, 1, 1, 1, 1, 0, 0, 1, 0, 1, 0, 0, 0, 0, 0, 1, 0, 1, 0, 0, 0, 0, 0, 0, 0]",geometric,250,0.99,0.001,249.79613602995738,250,512
