Iteration,Fitness,FEvals,Time,State,schedule_type,schedule_init_temp,schedule_decay,schedule_min_temp,schedule_current_value,Temperature,max_iters
0,0.0,0,8.709600660949945e-05,"[0, 1, 1, 0]",geometric,1,0.99,0.001,0.9999991246562652,1,512
1,5.0,2,0.0010474410082679242,"[0, 1, 0, 0]",geometric,1,0.99,0.001,0.9999894729214902,1,512
2,5.0,3,0.0018980430031660944,"[0, 1, 0, 0]",geometric,1,0.99,0.001,0.9999809242122989,1,512
4,7.5,6,0.0027885060117114335,"[1, 1, 0, 0]",geometric,1,0.99,0.001,0.9999719749707613,1,512
8,7.5,10,0.0037837800045963377,"[1, 1, 0, 0]",geometric,1,0.99,0.001,0.9999619724632232,1,512
16,7.5,18,0.005001423007342964,"[1, 1, 0, 0]",geometric,1,0.99,0.001,0.999949735282344,1,512
32,7.5,34,0.0066059340024366975,"[1, 1, 0, 0]",geometric,1,0.99,0.001,0.9999336103485399,1,512
64,7.5,68,0.009115114022279158,"[1, 1, 0, 0]",geometric,1,0.99,0.001,0.9999083942387972,1,512
128,7.5,132,0.013820546009810641,"[1, 1, 0, 0]",geometric,1,0.99,0.001,0.9998611085172379,1,512
256,7.5,260,0.025808189995586872,"[1, 1, 0, 0]",geometric,1,0.99,0.001,0.9997406526591108,1,512
512,7.5,516,0.06169076499645598,"[1, 1, 0, 0]",geometric,1,0.99,0.001,0.9993801792610111,1,512
0,0.0,0,7.728699711151421e-05,"[0, 1, 1, 0]",geometric,10,0.99,0.001,9.999992232400235,10,512
1,5.0,2,0.0014915020146872848,"[0, 1, 0, 0]",geometric,10,0.99,0.001,9.99985010016177,10,512
2,0.0,4,0.0028288190078455955,"[0, 1, 0, 1]",geometric,10,0.99,0.001,9.999715698230476,10,512
4,0.0,8,0.004207051009871066,"[1, 0, 0, 1]",geometric,10,0.99,0.001,9.999577186182808,10,512
8,5.0,15,0.005672541999956593,"[0, 1, 0, 0]",geometric,10,0.99,0.001,9.999429906728508,10,512
16,0.0,30,0.007344053010456264,"[0, 0, 1, 1]",geometric,10,0.99,0.001,9.999261925246248,10,512
32,10.0,60,0.009625650011003017,"[1, 0, 1, 0]",geometric,10,0.99,0.001,9.999032636638423,10,512
64,0.0,116,0.012770175002515316,"[1, 1, 1, 1]",geometric,10,0.99,0.001,9.998716636881259,10,512
128,2.5,219,0.01863288800814189,"[1, 0, 0, 0]",geometric,10,0.99,0.001,9.998127507509269,10,512
256,10.0,351,0.03128427002229728,"[0, 0, 0, 1]",geometric,10,0.99,0.001,9.996856320033213,10,512
512,10.0,607,0.06850746300187893,"[0, 0, 0, 1]",geometric,10,0.99,0.001,9.993117139659374,10,512
0,0.0,0,8.422599057666957e-05,"[0, 1, 1, 0]",geometric,50,0.99,0.001,49.99995767504327,50,512
1,5.0,2,0.0019154069887008518,"[0, 1, 0, 0]",geometric,50,0.99,0.001,49.99903748508784,50,512
2,0.0,4,0.0037875990092288703,"[0, 1, 0, 1]",geometric,50,0.99,0.001,49.998096704120215,50,512
4,0.0,8,0.0057251240068580955,"[1, 0, 0, 1]",geometric,50,0.99,0.001,49.99712311181444,50,512
8,0.0,16,0.007744703005300835,"[0, 1, 1, 0]",geometric,50,0.99,0.001,49.99610830814607,50,512
16,0.0,32,0.009904935985105112,"[0, 1, 0, 1]",geometric,50,0.99,0.001,49.99502285107367,50,512
32,0.0,64,0.01250382699072361,"[0, 0, 0, 0]",geometric,50,0.99,0.001,49.99371701175694,50,512
64,0.0,125,0.016820388002088293,"[1, 0, 1, 1]",geometric,50,0.99,0.001,49.99154818698158,50,512
128,5.0,247,0.0237120829988271,"[0, 1, 0, 0]",geometric,50,0.99,0.001,49.988085699834805,50,512
256,0.0,446,0.0383241199888289,"[1, 0, 0, 1]",geometric,50,0.99,0.001,49.980745194568534,50,512
512,10.0,722,0.07689918298274279,"[1, 0, 1, 0]",geometric,50,0.99,0.001,49.96137179827747,50,512
0,0.0,0,9.70819965004921e-05,"[0, 1, 1, 0]",geometric,100,0.99,0.001,99.99990242938058,100,512
1,5.0,2,0.0037536520103458315,"[0, 1, 0, 0]",geometric,100,0.99,0.001,99.99622752482152,100,512
2,0.0,4,0.006437656993512064,"[0, 1, 0, 1]",geometric,100,0.99,0.001,99.99353014781452,100,512
4,0.0,8,0.00882064999314025,"[1, 0, 0, 1]",geometric,100,0.99,0.001,99.99113534344617,100,512
8,0.0,16,0.011295970994979143,"[0, 1, 1, 0]",geometric,100,0.99,0.001,99.98864781418028,100,512
16,0.0,32,0.014441000996157527,"[0, 1, 0, 1]",geometric,100,0.99,0.001,99.98548736217798,100,512
32,0.0,64,0.018905620992882177,"[0, 0, 0, 0]",geometric,100,0.99,0.001,99.98100102098489,100,512
64,0.0,125,0.02346764798858203,"[1, 1, 0, 1]",geometric,100,0.99,0.001,99.97641700682742,100,512
128,10.0,250,0.03060104401083663,"[1, 0, 1, 0]",geometric,100,0.99,0.001,99.96924965191133,100,512
256,5.0,483,0.04678110399981961,"[0, 1, 0, 0]",geometric,100,0.99,0.001,99.9529944703827,100,512
512,10.0,814,0.08740852199844085,"[1, 0, 1, 0]",geometric,100,0.99,0.001,99.91219007524391,100,512
0,0.0,0,8.170600631274283e-05,"[0, 1, 1, 0]",geometric,200,0.99,0.001,199.99983576550648,200,512
1,5.0,2,0.0028623940015677363,"[0, 1, 0, 0]",geometric,200,0.99,0.001,199.99424647854696,200,512
2,0.0,4,0.005662669020239264,"[0, 1, 0, 1]",geometric,200,0.99,0.001,199.98861797879218,200,512
4,0.0,8,0.008613950019935146,"[1, 0, 0, 1]",geometric,200,0.99,0.001,199.98268613132325,200,512
8,0.0,16,0.012079583015292883,"[0, 1, 1, 0]",geometric,200,0.99,0.001,199.97572070057544,200,512
16,0.0,32,0.015540660999249667,"[0, 1, 0, 1]",geometric,200,0.99,0.001,199.9687646668835,200,512
32,0.0,64,0.019369171001017094,"[0, 0, 0, 0]",geometric,200,0.99,0.001,199.96107045451268,200,512
64,0.0,127,0.02426000000559725,"[1, 1, 1, 0]",geometric,200,0.99,0.001,199.95124171481964,200,512
128,0.0,253,0.03219035200891085,"[0, 1, 1, 1]",geometric,200,0.99,0.001,199.93530569585303,200,512
256,0.0,502,0.048877781024202704,"[0, 1, 0, 1]",geometric,200,0.99,0.001,199.90177650452418,200,512
512,7.5,884,0.08925532500143163,"[1, 1, 0, 0]",geometric,200,0.99,0.001,199.82067124649967,200,512
0,0.0,0,0.00011458099470473826,"[0, 1, 1, 0]",geometric,250,0.99,0.001,249.99971210579596,250,512
1,5.0,2,0.0036510920035652816,"[0, 1, 0, 0]",geometric,250,0.99,0.001,249.9908264930936,250,512
2,0.0,4,0.0069801850186195225,"[0, 1, 0, 1]",geometric,250,0.99,0.001,249.98246231423045,250,512
4,0.0,8,0.010278764995746315,"[1, 0, 0, 1]",geometric,250,0.99,0.001,249.97417507385387,250,512
8,0.0,16,0.013633602007757872,"[0, 1, 1, 0]",geometric,250,0.99,0.001,249.96574677701318,250,512
16,0.0,32,0.017589313007192686,"[0, 1, 0, 1]",geometric,250,0.99,0.001,249.95580928031106,250,512
32,0.0,64,0.022045693011023104,"[0, 0, 0, 0]",geometric,250,0.99,0.001,249.94461448129664,250,512
64,0.0,127,0.02717930800281465,"[1, 1, 1, 0]",geometric,250,0.99,0.001,249.93171903285563,250,512
128,0.0,254,0.03523367701563984,"[0, 1, 1, 0]",geometric,250,0.99,0.001,249.91148810057175,250,512
256,0.0,501,0.0519155950169079,"[1, 1, 0, 1]",geometric,250,0.99,0.001,249.86959173297635,250,512
512,10.0,889,0.09222501699696295,"[0, 0, 0, 1]",geometric,250,0.99,0.001,249.76838425928804,250,512
