Iteration,Fitness,FEvals,Time,State,schedule_type,schedule_init_temp,schedule_decay,schedule_min_temp,schedule_current_value,Temperature,max_iters
0,2.0,0,7.412501145154238e-05,"[1, 1, 0, 0, 1, 1, 1, 1, 1, 0, 0, 1, 0, 1, 1, 0, 0, 1, 0, 0, 0, 1, 0, 0, 1]",geometric,1,0.99,0.001,0.9999992550190173,1,512
1,2.0,2,0.0010352859972044826,"[1, 1, 0, 0, 1, 1, 1, 1, 1, 0, 1, 1, 0, 1, 1, 0, 0, 1, 0, 0, 0, 1, 0, 0, 1]",geometric,1,0.99,0.001,0.9999895950821552,1,512
2,2.0,4,0.0018914960091933608,"[1, 1, 0, 0, 1, 1, 1, 1, 1, 0, 1, 1, 0, 1, 0, 0, 0, 1, 0, 0, 0, 1, 0, 0, 1]",geometric,1,0.99,0.001,0.9999809900105342,1,512
4,2.0,8,0.0027778609946835786,"[1, 1, 0, 0, 1, 1, 1, 1, 1, 0, 1, 1, 0, 1, 0, 0, 0, 0, 0, 0, 0, 1, 0, 1, 1]",geometric,1,0.99,0.001,0.999972081953765,1,512
8,2.0,14,0.0037315890076570213,"[1, 1, 0, 0, 1, 1, 1, 1, 1, 1, 1, 1, 0, 1, 0, 0, 0, 0, 0, 0, 0, 1, 1, 1, 1]",geometric,1,0.99,0.001,0.9999624969804616,1,512
16,2.0,30,0.004830835008760914,"[1, 1, 0, 1, 0, 1, 1, 1, 1, 1, 1, 0, 0, 1, 0, 0, 0, 1, 0, 1, 1, 1, 1, 1, 1]",geometric,1,0.99,0.001,0.9999514496643148,1,512
32,3.0,61,0.006408186018234119,"[1, 1, 1, 0, 0, 0, 0, 1, 0, 1, 1, 0, 0, 1, 0, 1, 0, 1, 0, 0, 1, 1, 1, 1, 1]",geometric,1,0.99,0.001,0.9999355976522253,1,512
64,4.0,120,0.008809824008494616,"[1, 0, 1, 0, 1, 0, 1, 0, 0, 0, 0, 0, 0, 1, 0, 0, 0, 1, 0, 0, 1, 0, 0, 0, 0]",geometric,1,0.99,0.001,0.9999114622296041,1,512
128,19.0,207,0.013416322995908558,"[0, 1, 0, 1, 1, 1, 0, 0, 0, 0, 0, 0, 0, 0, 0, 0, 0, 0, 0, 0, 0, 0, 0, 0, 0]",geometric,1,0.99,0.001,0.9998651705382811,1,512
256,46.0,341,0.024241095001343638,"[1, 1, 1, 1, 0, 0, 0, 0, 0, 0, 0, 0, 0, 0, 0, 0, 0, 0, 0, 0, 0, 0, 0, 0, 0]",geometric,1,0.99,0.001,0.9997563985294375,1,512
512,46.0,597,0.05743865799740888,"[1, 1, 1, 1, 0, 0, 0, 0, 0, 0, 0, 0, 0, 0, 0, 0, 0, 0, 0, 0, 0, 0, 0, 0, 0]",geometric,1,0.99,0.001,0.9994228887889247,1,512
0,2.0,0,6.674200994893909e-05,"[1, 1, 0, 0, 1, 1, 1, 1, 1, 0, 0, 1, 0, 1, 1, 0, 0, 1, 0, 0, 0, 1, 0, 0, 1]",geometric,10,0.99,0.001,9.999993292206094,10,512
1,2.0,2,0.0014432970201596618,"[1, 1, 0, 0, 1, 1, 1, 1, 1, 0, 1, 1, 0, 1, 1, 0, 0, 1, 0, 0, 0, 1, 0, 0, 1]",geometric,10,0.99,0.001,9.999854944854171,10,512
2,2.0,4,0.0028108800179325044,"[1, 1, 0, 0, 1, 1, 1, 1, 1, 0, 1, 1, 0, 1, 0, 0, 0, 1, 0, 0, 0, 1, 0, 0, 1]",geometric,10,0.99,0.001,9.999717501108115,10,512
4,2.0,8,0.004222684015985578,"[1, 1, 0, 0, 1, 1, 1, 1, 1, 0, 1, 1, 0, 1, 0, 0, 0, 0, 0, 0, 0, 1, 0, 1, 1]",geometric,10,0.99,0.001,9.999575615079744,10,512
8,2.0,16,0.0056422060006298125,"[1, 1, 0, 0, 1, 1, 1, 1, 1, 1, 1, 1, 0, 1, 0, 0, 0, 0, 0, 0, 0, 1, 1, 1, 1]",geometric,10,0.99,0.001,9.999432955424975,10,512
16,2.0,32,0.007257702003698796,"[1, 1, 0, 1, 1, 1, 1, 0, 1, 1, 0, 1, 0, 0, 0, 0, 0, 0, 0, 0, 1, 0, 1, 1, 1]",geometric,10,0.99,0.001,9.999270603175662,10,512
32,0.0,64,0.009080023999558762,"[0, 1, 1, 0, 1, 0, 0, 0, 0, 1, 0, 1, 0, 0, 0, 1, 0, 0, 0, 1, 1, 0, 1, 1, 1]",geometric,10,0.99,0.001,9.999087468730664,10,512
64,1.0,127,0.011599605000810698,"[1, 0, 0, 0, 0, 1, 0, 1, 1, 0, 0, 1, 0, 0, 0, 1, 1, 0, 1, 0, 1, 0, 0, 0, 1]",geometric,10,0.99,0.001,9.998834268691494,10,512
128,2.0,253,0.016308790014591068,"[1, 1, 0, 1, 1, 1, 0, 0, 0, 1, 1, 1, 0, 0, 1, 0, 0, 1, 0, 0, 1, 0, 0, 1, 0]",geometric,10,0.99,0.001,9.998361046153054,10,512
256,31.0,488,0.027592956001171842,"[1, 1, 1, 1, 0, 1, 1, 1, 1, 1, 0, 1, 0, 0, 0, 0, 0, 0, 1, 0, 0, 0, 0, 0, 0]",geometric,10,0.99,0.001,9.997227199742113,10,512
512,46.0,755,0.06064746901392937,"[1, 1, 1, 1, 0, 0, 0, 0, 0, 0, 0, 0, 0, 0, 0, 0, 0, 0, 0, 0, 0, 0, 0, 0, 0]",geometric,10,0.99,0.001,9.99390658291854,10,512
0,2.0,0,6.592902354896069e-05,"[1, 1, 0, 0, 1, 1, 1, 1, 1, 0, 0, 1, 0, 1, 1, 0, 0, 1, 0, 0, 0, 1, 0, 0, 1]",geometric,50,0.99,0.001,49.99996686956952,50,512
1,2.0,2,0.0022182720131240785,"[1, 1, 0, 0, 1, 1, 1, 1, 1, 0, 1, 1, 0, 1, 1, 0, 0, 1, 0, 0, 0, 1, 0, 0, 1]",geometric,50,0.99,0.001,49.99888529348858,50,512
2,2.0,4,0.004446542006917298,"[1, 1, 0, 0, 1, 1, 1, 1, 1, 0, 1, 1, 0, 1, 0, 0, 0, 1, 0, 0, 0, 1, 0, 0, 1]",geometric,50,0.99,0.001,49.99776558789965,50,512
4,2.0,8,0.006471364002209157,"[1, 1, 0, 0, 1, 1, 1, 1, 1, 0, 1, 1, 0, 1, 0, 0, 0, 0, 0, 0, 0, 1, 0, 1, 1]",geometric,50,0.99,0.001,49.99674813666811,50,512
8,2.0,16,0.008418873010668904,"[1, 1, 0, 0, 1, 1, 1, 1, 1, 1, 1, 1, 0, 1, 0, 0, 0, 0, 0, 0, 0, 1, 1, 1, 1]",geometric,50,0.99,0.001,49.995769553913576,50,512
16,2.0,32,0.01046134700300172,"[1, 1, 0, 1, 1, 1, 1, 0, 1, 1, 0, 1, 0, 0, 0, 0, 0, 0, 0, 0, 1, 0, 1, 1, 1]",geometric,50,0.99,0.001,49.99474327380806,50,512
32,0.0,64,0.012789085012627766,"[0, 1, 1, 0, 1, 0, 0, 0, 0, 1, 0, 1, 0, 0, 0, 1, 0, 0, 0, 1, 1, 0, 1, 1, 1]",geometric,50,0.99,0.001,49.99357368302909,50,512
64,0.0,128,0.015863810025621206,"[0, 0, 0, 0, 0, 1, 0, 1, 1, 0, 0, 1, 0, 0, 0, 1, 1, 0, 1, 0, 1, 0, 0, 0, 1]",geometric,50,0.99,0.001,49.992028804533426,50,512
128,4.0,256,0.021384090010542423,"[1, 1, 1, 1, 0, 1, 0, 1, 0, 0, 0, 1, 0, 0, 1, 1, 1, 0, 0, 0, 1, 0, 1, 1, 0]",geometric,50,0.99,0.001,49.98925529032691,50,512
256,1.0,509,0.03374484402593225,"[1, 0, 1, 1, 1, 1, 1, 0, 1, 1, 0, 0, 0, 1, 0, 1, 1, 0, 0, 1, 1, 1, 1, 0, 1]",geometric,50,0.99,0.001,49.98304552440318,50,512
512,43.0,939,0.0683619070041459,"[1, 1, 1, 1, 1, 1, 1, 1, 1, 1, 1, 1, 1, 1, 1, 1, 1, 1, 0, 1, 1, 0, 0, 0, 0]",geometric,50,0.99,0.001,49.96565879233924,50,512
0,2.0,0,7.644802099093795e-05,"[1, 1, 0, 0, 1, 1, 1, 1, 1, 0, 0, 1, 0, 1, 1, 0, 0, 1, 0, 0, 0, 1, 0, 0, 1]",geometric,100,0.99,0.001,99.99992316720089,100,512
1,2.0,2,0.0025087429967243224,"[1, 1, 0, 0, 1, 1, 1, 1, 1, 0, 1, 1, 0, 1, 1, 0, 0, 1, 0, 0, 0, 1, 0, 0, 1]",geometric,100,0.99,0.001,99.99747866081758,100,512
2,2.0,4,0.004820988018764183,"[1, 1, 0, 0, 1, 1, 1, 1, 1, 0, 1, 1, 0, 1, 0, 0, 0, 1, 0, 0, 0, 1, 0, 0, 1]",geometric,100,0.99,0.001,99.99515486250715,100,512
4,2.0,8,0.007140933012124151,"[1, 1, 0, 0, 1, 1, 1, 1, 1, 0, 1, 1, 0, 1, 0, 0, 0, 0, 0, 0, 0, 1, 0, 1, 1]",geometric,100,0.99,0.001,99.99282338002378,100,512
8,2.0,16,0.00952241601771675,"[1, 1, 0, 0, 1, 1, 1, 1, 1, 1, 1, 1, 0, 1, 0, 0, 0, 0, 0, 0, 0, 1, 1, 1, 1]",geometric,100,0.99,0.001,99.9904301100317,100,512
16,2.0,32,0.012302629998885095,"[1, 1, 0, 1, 1, 1, 1, 0, 1, 1, 0, 1, 0, 0, 0, 0, 0, 0, 0, 0, 1, 0, 1, 1, 1]",geometric,100,0.99,0.001,99.98763620804276,100,512
32,0.0,64,0.015508398006204516,"[0, 1, 1, 0, 1, 0, 0, 0, 0, 1, 0, 1, 0, 0, 0, 1, 0, 0, 0, 1, 1, 0, 1, 1, 1]",geometric,100,0.99,0.001,99.98441475377449,100,512
64,0.0,128,0.019269782002083957,"[0, 0, 0, 0, 0, 1, 0, 1, 1, 0, 0, 1, 0, 0, 0, 1, 1, 0, 1, 0, 1, 0, 0, 0, 1]",geometric,100,0.99,0.001,99.98063509714494,100,512
128,4.0,256,0.025030389020685107,"[1, 1, 1, 1, 0, 1, 0, 1, 0, 0, 0, 1, 0, 0, 1, 1, 1, 0, 0, 0, 1, 0, 1, 1, 0]",geometric,100,0.99,0.001,99.9748467823322,100,512
256,0.0,511,0.037582221993943676,"[0, 0, 1, 1, 1, 1, 0, 0, 1, 1, 0, 1, 0, 1, 0, 1, 1, 0, 1, 1, 1, 1, 1, 0, 1]",geometric,100,0.99,0.001,99.96223573717748,100,512
512,4.0,982,0.07251933301449753,"[1, 1, 1, 1, 0, 0, 0, 0, 0, 1, 1, 1, 0, 1, 1, 0, 1, 0, 0, 1, 0, 1, 1, 1, 1]",geometric,100,0.99,0.001,99.92714218893506,100,512
0,2.0,0,7.512900629080832e-05,"[1, 1, 0, 0, 1, 1, 1, 1, 1, 0, 0, 1, 0, 1, 1, 0, 0, 1, 0, 0, 0, 1, 0, 0, 1]",geometric,200,0.99,0.001,199.9998489857079,200,512
1,2.0,2,0.0032799030013848096,"[1, 1, 0, 0, 1, 1, 1, 1, 1, 0, 1, 1, 0, 1, 1, 0, 0, 1, 0, 0, 0, 1, 0, 0, 1]",geometric,200,0.99,0.001,199.993407283316,200,512
2,2.0,4,0.00631709600565955,"[1, 1, 0, 0, 1, 1, 1, 1, 1, 0, 1, 1, 0, 1, 0, 0, 0, 1, 0, 0, 0, 1, 0, 0, 1]",geometric,200,0.99,0.001,199.98730261578083,200,512
4,2.0,8,0.009540372004266828,"[1, 1, 0, 0, 1, 1, 1, 1, 1, 0, 1, 1, 0, 1, 0, 0, 0, 0, 0, 0, 0, 1, 0, 1, 1]",geometric,200,0.99,0.001,199.98082413078163,200,512
8,2.0,16,0.013072890986222774,"[1, 1, 0, 0, 1, 1, 1, 1, 1, 1, 1, 1, 0, 1, 0, 0, 0, 0, 0, 0, 0, 1, 1, 1, 1]",geometric,200,0.99,0.001,199.9737243371798,200,512
16,2.0,32,0.016530394001165405,"[1, 1, 0, 1, 1, 1, 1, 0, 1, 1, 0, 1, 0, 0, 0, 0, 0, 0, 0, 0, 1, 0, 1, 1, 1]",geometric,200,0.99,0.001,199.9667755576641,200,512
32,0.0,64,0.019947463006246835,"[0, 1, 1, 0, 1, 0, 0, 0, 0, 1, 0, 1, 0, 0, 0, 1, 0, 0, 0, 1, 1, 0, 1, 1, 1]",geometric,200,0.99,0.001,199.95990827837485,200,512
64,0.0,128,0.024471459997585043,"[0, 0, 0, 0, 0, 1, 0, 1, 1, 0, 0, 1, 0, 0, 0, 1, 1, 0, 1, 0, 1, 0, 0, 0, 1]",geometric,200,0.99,0.001,199.95081677010666,200,512
128,4.0,256,0.03115811399766244,"[1, 1, 1, 1, 0, 1, 0, 1, 0, 0, 0, 1, 0, 0, 1, 1, 1, 0, 0, 0, 1, 0, 1, 1, 0]",geometric,200,0.99,0.001,199.9373799031904,200,512
256,0.0,512,0.04419082499225624,"[0, 0, 1, 1, 1, 1, 0, 1, 1, 1, 0, 1, 0, 1, 0, 1, 1, 0, 1, 1, 1, 1, 1, 0, 1]",geometric,200,0.99,0.001,199.91119319589657,200,512
512,2.0,1014,0.07951818199944682,"[1, 0, 0, 0, 0, 0, 0, 0, 1, 1, 0, 1, 0, 0, 0, 0, 0, 1, 0, 0, 0, 1, 1, 0, 0]",geometric,200,0.99,0.001,199.84022696545424,200,512
0,2.0,0,6.522698095068336e-05,"[1, 1, 0, 0, 1, 1, 1, 1, 1, 0, 0, 1, 0, 1, 1, 0, 0, 1, 0, 0, 0, 1, 0, 0, 1]",geometric,250,0.99,0.001,249.9998361117874,250,512
1,2.0,2,0.003607597987866029,"[1, 1, 0, 0, 1, 1, 1, 1, 1, 0, 1, 1, 0, 1, 1, 0, 0, 1, 0, 0, 0, 1, 0, 0, 1]",geometric,250,0.99,0.001,249.99093577147383,250,512
2,2.0,4,0.006944166001630947,"[1, 1, 0, 0, 1, 1, 1, 1, 1, 0, 1, 1, 0, 1, 0, 0, 0, 1, 0, 0, 0, 1, 0, 0, 1]",geometric,250,0.99,0.001,249.98255280870256,250,512
4,2.0,8,0.010360877990024164,"[1, 1, 0, 0, 1, 1, 1, 1, 1, 0, 1, 1, 0, 1, 0, 0, 0, 0, 0, 0, 0, 1, 0, 1, 1]",geometric,250,0.99,0.001,249.97396877945874,250,512
8,2.0,16,0.014037982997251675,"[1, 1, 0, 0, 1, 1, 1, 1, 1, 1, 1, 1, 0, 1, 0, 0, 0, 0, 0, 0, 0, 1, 1, 1, 1]",geometric,250,0.99,0.001,249.96473087709902,250,512
16,2.0,32,0.01754907998838462,"[1, 1, 0, 1, 1, 1, 1, 0, 1, 1, 0, 1, 0, 0, 0, 0, 0, 0, 0, 0, 1, 0, 1, 1, 1]",geometric,250,0.99,0.001,249.95591035130062,250,512
32,0.0,64,0.021675433992641047,"[0, 1, 1, 0, 1, 0, 0, 0, 0, 1, 0, 1, 0, 0, 0, 1, 0, 0, 0, 1, 1, 0, 1, 1, 1]",geometric,250,0.99,0.001,249.945544583797,250,512
64,0.0,128,0.02657618699595332,"[0, 0, 0, 0, 0, 1, 0, 1, 1, 0, 0, 1, 0, 0, 0, 1, 1, 0, 1, 0, 1, 0, 0, 0, 1]",geometric,250,0.99,0.001,249.93323401572727,250,512
128,4.0,256,0.03320333600277081,"[1, 1, 1, 1, 0, 1, 0, 1, 0, 0, 0, 1, 0, 0, 1, 1, 1, 0, 0, 0, 1, 0, 1, 1, 0]",geometric,250,0.99,0.001,249.91658774873216,250,512
256,0.0,512,0.046600696980021894,"[0, 0, 1, 1, 1, 1, 0, 1, 1, 1, 0, 1, 0, 1, 0, 1, 1, 0, 1, 1, 1, 1, 1, 0, 1]",geometric,250,0.99,0.001,249.882939251082,250,512
512,2.0,1016,0.0825424770009704,"[1, 0, 1, 1, 0, 1, 0, 0, 1, 0, 1, 1, 1, 1, 1, 0, 0, 0, 1, 1, 0, 0, 1, 0, 0]",geometric,250,0.99,0.001,249.79269109749916,250,512
