Iteration,Fitness,FEvals,Time,State,schedule_type,schedule_init_temp,schedule_decay,schedule_min_temp,schedule_current_value,Temperature,max_iters
0,12.0,0,9.279398364014924e-05,"[1, 1, 0, 0, 1, 1, 1, 1, 1, 0, 0, 1, 0, 1, 1, 0, 0, 1, 0, 0, 0, 1, 0, 0, 1]",geometric,1,0.99,0.001,0.9999990673897341,1,512
1,12.0,2,0.00108315100078471,"[1, 1, 0, 0, 1, 1, 1, 1, 1, 0, 1, 1, 0, 1, 1, 0, 0, 1, 0, 0, 0, 1, 0, 0, 1]",geometric,1,0.99,0.001,0.9999891140279147,1,512
2,12.0,4,0.001996740000322461,"[1, 1, 0, 0, 1, 1, 1, 1, 1, 0, 1, 1, 0, 1, 0, 0, 0, 1, 0, 0, 0, 1, 0, 0, 1]",geometric,1,0.99,0.001,0.9999799322937437,1,512
4,12.0,7,0.002928831003373489,"[1, 1, 0, 0, 1, 1, 1, 1, 1, 0, 1, 1, 0, 1, 0, 0, 0, 1, 0, 0, 0, 1, 0, 1, 1]",geometric,1,0.99,0.001,0.999970564697985,1,512
8,13.0,12,0.003935218002879992,"[0, 1, 0, 0, 1, 1, 1, 1, 1, 0, 1, 1, 0, 1, 0, 0, 0, 1, 0, 0, 0, 1, 0, 1, 1]",geometric,1,0.99,0.001,0.9999604505195157,1,512
16,17.0,26,0.005169228999875486,"[0, 1, 0, 1, 1, 1, 1, 0, 0, 0, 0, 1, 0, 1, 0, 1, 0, 1, 0, 1, 0, 1, 0, 1, 1]",geometric,1,0.99,0.001,0.9999480488619547,1,512
32,18.0,50,0.006778965995181352,"[1, 1, 0, 0, 1, 0, 1, 1, 1, 0, 0, 1, 0, 1, 0, 1, 0, 1, 0, 1, 0, 1, 0, 0, 1]",geometric,1,0.99,0.001,0.999931871435865,1,512
64,20.0,97,0.009254346980014816,"[0, 1, 1, 0, 1, 0, 1, 1, 0, 1, 1, 1, 0, 1, 0, 1, 0, 1, 0, 1, 0, 1, 0, 1, 0]",geometric,1,0.99,0.001,0.9999069950299764,1,512
128,23.0,170,0.014321855996968225,"[1, 0, 1, 0, 1, 0, 1, 0, 1, 0, 1, 0, 1, 1, 0, 1, 0, 1, 0, 1, 0, 1, 0, 1, 0]",geometric,1,0.99,0.001,0.9998560708959724,1,512
256,23.0,311,0.025908735988195986,"[1, 0, 1, 0, 1, 0, 1, 0, 1, 0, 1, 0, 1, 0, 0, 1, 0, 1, 0, 1, 0, 1, 0, 1, 0]",geometric,1,0.99,0.001,0.9997396424007027,1,512
512,23.0,582,0.06062335497699678,"[1, 0, 1, 0, 1, 0, 1, 0, 1, 0, 1, 0, 1, 0, 1, 0, 1, 1, 0, 1, 0, 1, 0, 1, 0]",geometric,1,0.99,0.001,0.9993909004983768,1,512
0,12.0,0,7.75989901740104e-05,"[1, 1, 0, 0, 1, 1, 1, 1, 1, 0, 0, 1, 0, 1, 1, 0, 0, 1, 0, 0, 0, 1, 0, 0, 1]",geometric,10,0.99,0.001,9.99999220104391,10,512
1,12.0,2,0.001479473983636126,"[1, 1, 0, 0, 1, 1, 1, 1, 1, 0, 1, 1, 0, 1, 1, 0, 0, 1, 0, 0, 0, 1, 0, 0, 1]",geometric,10,0.99,0.001,9.99985130900124,10,512
2,12.0,4,0.0028940089978277683,"[1, 1, 0, 0, 1, 1, 1, 1, 1, 0, 1, 1, 0, 1, 0, 0, 0, 1, 0, 0, 0, 1, 0, 0, 1]",geometric,10,0.99,0.001,9.999709146605955,10,512
4,10.0,8,0.004572325007757172,"[1, 1, 0, 0, 1, 1, 1, 1, 1, 0, 1, 1, 0, 1, 0, 0, 0, 0, 0, 0, 0, 1, 0, 1, 1]",geometric,10,0.99,0.001,9.99954047653882,10,512
8,9.0,16,0.006126677006250247,"[0, 1, 0, 0, 1, 1, 1, 1, 1, 1, 1, 1, 0, 1, 0, 0, 0, 0, 0, 0, 0, 1, 0, 1, 1]",geometric,10,0.99,0.001,9.999384267341325,10,512
16,12.0,31,0.007805789995472878,"[0, 1, 0, 1, 1, 1, 1, 1, 1, 1, 0, 1, 0, 0, 0, 0, 0, 1, 0, 0, 0, 1, 0, 1, 0]",geometric,10,0.99,0.001,9.99921552266128,10,512
32,13.0,63,0.009960608003893867,"[0, 1, 1, 0, 0, 0, 0, 0, 0, 1, 0, 1, 1, 1, 0, 0, 1, 0, 1, 0, 0, 1, 0, 0, 1]",geometric,10,0.99,0.001,9.9989989755484,10,512
64,8.0,122,0.012965244997758418,"[0, 1, 0, 0, 0, 0, 0, 0, 0, 0, 0, 1, 1, 0, 1, 1, 1, 0, 0, 0, 0, 1, 1, 1, 0]",geometric,10,0.99,0.001,9.998697034226861,10,512
128,15.0,243,0.01883471998735331,"[1, 0, 0, 1, 0, 1, 1, 0, 0, 1, 0, 1, 1, 0, 0, 0, 1, 1, 1, 0, 1, 0, 1, 0, 0]",geometric,10,0.99,0.001,9.99810722653638,10,512
256,20.0,465,0.03205304098082706,"[0, 1, 1, 0, 1, 0, 1, 0, 1, 0, 0, 1, 0, 1, 1, 0, 1, 0, 0, 1, 0, 1, 0, 1, 0]",geometric,10,0.99,0.001,9.996779080557678,10,512
512,23.0,756,0.0675398210005369,"[1, 0, 1, 0, 1, 0, 1, 0, 1, 0, 1, 0, 1, 0, 1, 0, 1, 0, 1, 1, 0, 1, 0, 1, 0]",geometric,10,0.99,0.001,9.993214324466242,10,512
0,12.0,0,0.00011178498971275985,"[1, 1, 0, 0, 1, 1, 1, 1, 1, 0, 0, 1, 0, 1, 1, 0, 0, 1, 0, 0, 0, 1, 0, 0, 1]",geometric,50,0.99,0.001,49.999943826197054,50,512
1,12.0,2,0.0021173749992158264,"[1, 1, 0, 0, 1, 1, 1, 1, 1, 0, 1, 1, 0, 1, 1, 0, 0, 1, 0, 0, 0, 1, 0, 0, 1]",geometric,50,0.99,0.001,49.99893599482774,50,512
2,12.0,4,0.0039422289992216974,"[1, 1, 0, 0, 1, 1, 1, 1, 1, 0, 1, 1, 0, 1, 0, 0, 0, 1, 0, 0, 0, 1, 0, 0, 1]",geometric,50,0.99,0.001,49.99801900297185,50,512
4,10.0,8,0.0058061640011146665,"[1, 1, 0, 0, 1, 1, 1, 1, 1, 0, 1, 1, 0, 1, 0, 0, 0, 0, 0, 0, 0, 1, 0, 1, 1]",geometric,50,0.99,0.001,49.9970823902162,50,512
8,9.0,16,0.007761582004604861,"[0, 1, 0, 0, 1, 1, 1, 1, 1, 1, 1, 1, 0, 1, 0, 0, 0, 0, 0, 0, 0, 1, 0, 1, 1]",geometric,50,0.99,0.001,49.99609982682638,50,512
16,10.0,32,0.009904086997266859,"[0, 0, 0, 1, 1, 1, 1, 1, 1, 1, 0, 1, 0, 0, 0, 0, 0, 1, 0, 0, 0, 1, 0, 1, 0]",geometric,50,0.99,0.001,49.99502327766185,50,512
32,13.0,64,0.012582959985593334,"[0, 0, 1, 0, 0, 0, 0, 0, 0, 1, 0, 1, 1, 1, 0, 0, 1, 0, 1, 0, 0, 1, 0, 0, 1]",geometric,50,0.99,0.001,49.993677251110924,50,512
64,5.0,128,0.016428128990810364,"[0, 0, 0, 0, 0, 0, 0, 1, 0, 0, 0, 0, 0, 1, 1, 1, 1, 1, 0, 0, 0, 0, 0, 0, 1]",geometric,50,0.99,0.001,49.99174527079043,50,512
128,10.0,256,0.022610772983171046,"[1, 1, 1, 1, 1, 1, 0, 1, 1, 1, 1, 0, 0, 1, 0, 0, 1, 0, 0, 1, 1, 1, 0, 1, 1]",geometric,50,0.99,0.001,49.98863899779985,50,512
256,12.0,506,0.036782240989850834,"[0, 1, 1, 0, 0, 0, 1, 1, 0, 1, 0, 0, 1, 1, 1, 1, 1, 0, 0, 1, 1, 0, 1, 0, 0]",geometric,50,0.99,0.001,49.981519722278776,50,512
512,23.0,896,0.07421432598493993,"[1, 0, 1, 0, 1, 0, 1, 0, 1, 0, 1, 0, 1, 0, 1, 1, 0, 1, 0, 1, 0, 1, 0, 1, 0]",geometric,50,0.99,0.001,49.962719959861545,50,512
0,12.0,0,8.607798372395337e-05,"[1, 1, 0, 0, 1, 1, 1, 1, 1, 0, 0, 1, 0, 1, 1, 0, 0, 1, 0, 0, 0, 1, 0, 0, 1]",geometric,100,0.99,0.001,99.99991348877282,100,512
1,12.0,2,0.0029435470059979707,"[1, 1, 0, 0, 1, 1, 1, 1, 1, 0, 1, 1, 0, 1, 1, 0, 0, 1, 0, 0, 0, 1, 0, 0, 1]",geometric,100,0.99,0.001,99.99704168015806,100,512
2,12.0,4,0.0055270500015467405,"[1, 1, 0, 0, 1, 1, 1, 1, 1, 0, 1, 1, 0, 1, 0, 0, 0, 1, 0, 0, 0, 1, 0, 0, 1]",geometric,100,0.99,0.001,99.99444528340064,100,512
4,10.0,8,0.008343054010765627,"[1, 1, 0, 0, 1, 1, 1, 1, 1, 0, 1, 1, 0, 1, 0, 0, 0, 0, 0, 0, 0, 1, 0, 1, 1]",geometric,100,0.99,0.001,99.99161530205023,100,512
8,9.0,16,0.01088627299759537,"[0, 1, 0, 0, 1, 1, 1, 1, 1, 1, 1, 1, 0, 1, 0, 0, 0, 0, 0, 0, 0, 1, 0, 1, 1]",geometric,100,0.99,0.001,99.98905952853136,100,512
16,10.0,32,0.013571935007348657,"[0, 0, 0, 1, 1, 1, 1, 1, 1, 1, 0, 1, 0, 0, 0, 0, 0, 1, 0, 0, 0, 1, 0, 1, 0]",geometric,100,0.99,0.001,99.98636067973929,100,512
32,13.0,64,0.016823587007820606,"[0, 0, 1, 0, 0, 0, 0, 0, 0, 1, 0, 1, 1, 1, 0, 0, 1, 0, 1, 0, 0, 1, 0, 0, 1]",geometric,100,0.99,0.001,99.98309315939848,100,512
64,5.0,128,0.021968697983538732,"[0, 0, 0, 0, 0, 0, 0, 1, 0, 0, 0, 0, 0, 1, 1, 1, 1, 1, 0, 0, 0, 0, 0, 0, 1]",geometric,100,0.99,0.001,99.97792315799362,100,512
128,10.0,256,0.028760170011082664,"[1, 1, 1, 1, 1, 1, 0, 1, 1, 1, 1, 0, 0, 1, 0, 0, 1, 0, 0, 1, 1, 1, 0, 1, 1]",geometric,100,0.99,0.001,99.97109924029286,100,512
256,14.0,507,0.04357211399474181,"[0, 1, 0, 0, 1, 1, 1, 1, 0, 0, 1, 1, 0, 0, 1, 0, 0, 1, 0, 1, 0, 0, 1, 1, 0]",geometric,100,0.99,0.001,99.95621814910129,100,512
512,20.0,942,0.08200609000050463,"[1, 0, 1, 0, 0, 0, 1, 0, 0, 1, 0, 1, 0, 1, 0, 0, 1, 0, 1, 0, 1, 0, 1, 0, 1]",geometric,100,0.99,0.001,99.91761508037165,100,512
0,12.0,0,8.559698471799493e-05,"[1, 1, 0, 0, 1, 1, 1, 1, 1, 0, 0, 1, 0, 1, 1, 0, 0, 1, 0, 0, 0, 1, 0, 0, 1]",geometric,200,0.99,0.001,199.99982794438512,200,512
1,12.0,2,0.0030649979889858514,"[1, 1, 0, 0, 1, 1, 1, 1, 1, 0, 1, 1, 0, 1, 1, 0, 0, 1, 0, 0, 0, 1, 0, 0, 1]",geometric,200,0.99,0.001,199.99383924305334,200,512
2,12.0,4,0.00593884100089781,"[1, 1, 0, 0, 1, 1, 1, 1, 1, 0, 1, 1, 0, 1, 0, 0, 0, 1, 0, 0, 0, 1, 0, 0, 1]",geometric,200,0.99,0.001,199.98806288692293,200,512
4,10.0,8,0.008757992996834219,"[1, 1, 0, 0, 1, 1, 1, 1, 1, 0, 1, 1, 0, 1, 0, 0, 0, 0, 0, 0, 0, 1, 0, 1, 1]",geometric,200,0.99,0.001,199.9823966205387,200,512
8,9.0,16,0.011884639010531828,"[0, 1, 0, 0, 1, 1, 1, 1, 1, 1, 1, 1, 0, 1, 0, 0, 0, 0, 0, 0, 0, 1, 0, 1, 1]",geometric,200,0.99,0.001,199.97611250393408,200,512
16,10.0,32,0.015214045997709036,"[0, 0, 0, 1, 1, 1, 1, 1, 1, 1, 0, 1, 0, 0, 0, 0, 0, 1, 0, 0, 0, 1, 0, 1, 0]",geometric,200,0.99,0.001,199.9694210835201,200,512
32,13.0,64,0.018929669982753694,"[0, 0, 1, 0, 0, 0, 0, 0, 0, 1, 0, 1, 1, 1, 0, 0, 1, 0, 1, 0, 0, 1, 0, 0, 1]",geometric,200,0.99,0.001,199.96195371107473,200,512
64,5.0,128,0.023771615989971906,"[0, 0, 0, 0, 0, 0, 0, 1, 0, 0, 0, 0, 0, 1, 1, 1, 1, 1, 0, 0, 0, 0, 0, 0, 1]",geometric,200,0.99,0.001,199.95222316257852,200,512
128,10.0,256,0.03096847698907368,"[1, 1, 1, 1, 1, 1, 0, 1, 1, 1, 1, 0, 0, 1, 0, 0, 1, 0, 0, 1, 1, 1, 0, 1, 1]",geometric,200,0.99,0.001,199.93776096733023,200,512
256,12.0,512,0.04617664500256069,"[1, 0, 1, 0, 0, 1, 1, 1, 1, 0, 0, 0, 0, 0, 0, 0, 0, 1, 0, 1, 0, 1, 0, 1, 1]",geometric,200,0.99,0.001,199.907203376522,200,512
512,18.0,977,0.0858568619878497,"[0, 1, 0, 1, 1, 1, 0, 1, 0, 1, 0, 1, 1, 1, 0, 0, 1, 0, 1, 0, 1, 0, 1, 1, 0]",geometric,200,0.99,0.001,199.82749637689383,200,512
0,12.0,0,0.00012604400399141014,"[1, 1, 0, 0, 1, 1, 1, 1, 1, 0, 0, 1, 0, 1, 1, 0, 0, 1, 0, 0, 0, 1, 0, 0, 1]",geometric,250,0.99,0.001,249.99968330405747,250,512
1,12.0,2,0.0035272040113341063,"[1, 1, 0, 0, 1, 1, 1, 1, 1, 0, 1, 1, 0, 1, 1, 0, 0, 1, 0, 0, 0, 1, 0, 0, 1]",geometric,250,0.99,0.001,249.99113776084786,250,512
2,12.0,4,0.0067899209971074015,"[1, 1, 0, 0, 1, 1, 1, 1, 1, 0, 1, 1, 0, 1, 0, 0, 0, 1, 0, 0, 0, 1, 0, 0, 1]",geometric,250,0.99,0.001,249.9829403354809,250,512
4,10.0,8,0.010405751003418118,"[1, 1, 0, 0, 1, 1, 1, 1, 1, 0, 1, 1, 0, 1, 0, 0, 0, 0, 0, 0, 0, 1, 0, 1, 1]",geometric,250,0.99,0.001,249.97385604401012,250,512
8,9.0,16,0.014225964987417683,"[0, 1, 0, 0, 1, 1, 1, 1, 1, 1, 1, 1, 0, 1, 0, 0, 0, 0, 0, 0, 0, 1, 0, 1, 1]",geometric,250,0.99,0.001,249.96425862364458,250,512
16,10.0,32,0.018154716002754867,"[0, 0, 0, 1, 1, 1, 1, 1, 1, 1, 0, 1, 0, 0, 0, 0, 0, 1, 0, 0, 0, 1, 0, 1, 0]",geometric,250,0.99,0.001,249.95438891296052,250,512
32,13.0,64,0.022422509005991742,"[0, 0, 1, 0, 0, 0, 0, 0, 0, 1, 0, 1, 1, 1, 0, 0, 1, 0, 1, 0, 0, 1, 0, 0, 1]",geometric,250,0.99,0.001,249.94366791101493,250,512
64,5.0,128,0.027987325011054054,"[0, 0, 0, 0, 0, 0, 0, 1, 0, 0, 0, 0, 0, 1, 1, 1, 1, 1, 0, 0, 0, 0, 0, 0, 1]",geometric,250,0.99,0.001,249.9296893850188,250,512
128,10.0,256,0.03614613998797722,"[1, 1, 1, 1, 1, 1, 0, 1, 1, 1, 1, 0, 0, 1, 0, 0, 1, 0, 0, 1, 1, 1, 0, 1, 1]",geometric,250,0.99,0.001,249.90919628295254,250,512
256,12.0,512,0.0516867839905899,"[1, 0, 1, 0, 0, 1, 1, 1, 1, 0, 0, 0, 0, 0, 0, 0, 0, 1, 0, 1, 0, 1, 0, 1, 1]",geometric,250,0.99,0.001,249.87016634066194,250,512
512,16.0,998,0.09307346399873495,"[0, 0, 0, 1, 0, 1, 0, 0, 1, 1, 1, 0, 1, 1, 0, 1, 0, 0, 1, 0, 1, 0, 0, 1, 0]",geometric,250,0.99,0.001,249.76625444906674,250,512
