Iteration,Fitness,FEvals,Time,State,schedule_type,schedule_init_temp,schedule_decay,schedule_min_temp,schedule_current_value,Temperature,max_iters
0,7.5,0,8.55719845276326e-05,"[1, 1, 0, 0]",geometric,1,0.99,0.001,0.9999991399731857,1,512
1,7.5,1,0.0009597899916116148,"[1, 1, 0, 0]",geometric,1,0.99,0.001,0.99999035383476,1,512
2,7.5,2,0.0018196500022895634,"[1, 1, 0, 0]",geometric,1,0.99,0.001,0.9999817120735673,1,512
4,7.5,4,0.0027292409795336425,"[1, 1, 0, 0]",geometric,1,0.99,0.001,0.9999725705877237,1,512
8,7.5,8,0.0037325389857869595,"[1, 1, 0, 0]",geometric,1,0.99,0.001,0.9999624874332205,1,512
16,7.5,16,0.004968446999555454,"[1, 1, 0, 0]",geometric,1,0.99,0.001,0.9999500666856936,1,512
32,7.5,32,0.006821633985964581,"[1, 1, 0, 0]",geometric,1,0.99,0.001,0.9999314426375348,1,512
64,7.5,64,0.009410845988895744,"[1, 1, 0, 0]",geometric,1,0.99,0.001,0.9999054223098978,1,512
128,7.5,128,0.014585473982151598,"[1, 1, 0, 0]",geometric,1,0.99,0.001,0.9998534218315265,1,512
256,7.5,256,0.027329003991326317,"[1, 1, 0, 0]",geometric,1,0.99,0.001,0.999725372048507,1,512
512,7.5,500,0.06273611099459231,"[1, 1, 0, 0]",geometric,1,0.99,0.001,0.9993696797496864,1,512
0,7.5,0,8.599099237471819e-05,"[1, 1, 0, 0]",geometric,10,0.99,0.001,9.999991357620196,10,512
1,0.0,2,0.0014682149922009557,"[1, 1, 0, 1]",geometric,10,0.99,0.001,9.999852440550933,10,512
2,0.0,4,0.0030012950010132045,"[1, 0, 0, 1]",geometric,10,0.99,0.001,9.99969836432174,10,512
4,0.0,8,0.0044202799908816814,"[0, 1, 0, 1]",geometric,10,0.99,0.001,9.99955575688314,10,512
8,10.0,13,0.005886458995519206,"[0, 0, 0, 1]",geometric,10,0.99,0.001,9.99940840860078,10,512
16,7.5,26,0.007805671019013971,"[1, 1, 0, 0]",geometric,10,0.99,0.001,9.999215534617875,10,512
32,7.5,55,0.010322465997887775,"[0, 0, 1, 0]",geometric,10,0.99,0.001,9.998962611311335,10,512
64,10.0,101,0.013674295012606308,"[0, 0, 0, 1]",geometric,10,0.99,0.001,9.998625781858062,10,512
128,0.0,197,0.019500155991408974,"[1, 1, 1, 0]",geometric,10,0.99,0.001,9.998040360865271,10,512
256,10.0,345,0.03290836201631464,"[0, 0, 0, 1]",geometric,10,0.99,0.001,9.996693145978218,10,512
512,10.0,601,0.08329510100884363,"[0, 0, 0, 1]",geometric,10,0.99,0.001,9.991632065669712,10,512
0,7.5,0,8.17560066934675e-05,"[1, 1, 0, 0]",geometric,50,0.99,0.001,49.99995891625061,50,512
1,0.0,2,0.002041518018813804,"[1, 1, 0, 1]",geometric,50,0.99,0.001,49.99897411343757,50,512
2,0.0,4,0.003920842020306736,"[1, 0, 0, 1]",geometric,50,0.99,0.001,49.99802974986324,50,512
4,0.0,8,0.005943253025179729,"[0, 1, 0, 1]",geometric,50,0.99,0.001,49.997013504746825,50,512
8,0.0,16,0.007996847009053454,"[1, 1, 1, 1]",geometric,50,0.99,0.001,49.9959816115726,50,512
16,10.0,31,0.010240658011753112,"[0, 0, 0, 1]",geometric,50,0.99,0.001,49.99485416219569,50,512
32,0.0,60,0.01294782100012526,"[1, 0, 0, 1]",geometric,50,0.99,0.001,49.99349392584562,50,512
64,0.0,121,0.016812718007713556,"[1, 0, 1, 1]",geometric,50,0.99,0.001,49.991552040631184,50,512
128,0.0,242,0.02344475800055079,"[0, 0, 1, 1]",geometric,50,0.99,0.001,49.98822000330574,50,512
256,10.0,456,0.03820938500575721,"[1, 0, 1, 0]",geometric,50,0.99,0.001,49.98080282865427,50,512
512,10.0,719,0.07710125701851211,"[0, 0, 0, 1]",geometric,50,0.99,0.001,49.96127033123464,50,512
0,7.5,0,8.352400618605316e-05,"[1, 1, 0, 0]",geometric,100,0.99,0.001,99.99991605560383,100,512
1,0.0,2,0.0026021970261354,"[1, 1, 0, 1]",geometric,100,0.99,0.001,99.99738473879158,100,512
2,0.0,4,0.0050087520212400705,"[1, 0, 0, 1]",geometric,100,0.99,0.001,99.99496616269981,100,512
4,0.0,8,0.007550253008957952,"[0, 1, 0, 1]",geometric,100,0.99,0.001,99.99241203004911,100,512
8,0.0,16,0.010590113000944257,"[1, 1, 1, 1]",geometric,100,0.99,0.001,99.98935714715317,100,512
16,0.0,32,0.013697215006686747,"[0, 0, 1, 1]",geometric,100,0.99,0.001,99.986234786385,100,512
32,0.0,64,0.01704645302379504,"[0, 0, 0, 0]",geometric,100,0.99,0.001,99.98286920968748,100,512
64,10.0,128,0.021289391006575897,"[1, 0, 1, 0]",geometric,100,0.99,0.001,99.97860573592588,100,512
128,0.0,254,0.02859922402421944,"[0, 1, 0, 1]",geometric,100,0.99,0.001,99.97126094979713,100,512
256,0.0,484,0.04476170500856824,"[0, 0, 1, 1]",geometric,100,0.99,0.001,99.95502310077002,100,512
512,7.5,808,0.08621560601750389,"[1, 1, 0, 0]",geometric,100,0.99,0.001,99.91338795027872,100,512
0,7.5,0,8.665898349136114e-05,"[1, 1, 0, 0]",geometric,200,0.99,0.001,199.99982580969808,200,512
1,0.0,2,0.003208268986782059,"[1, 1, 0, 1]",geometric,200,0.99,0.001,199.9935512678025,200,512
2,0.0,4,0.006386667984770611,"[1, 0, 0, 1]",geometric,200,0.99,0.001,199.9871627803568,200,512
4,0.0,8,0.009414104977622628,"[0, 1, 0, 1]",geometric,200,0.99,0.001,199.98107791181297,200,512
8,0.0,16,0.012402541993651539,"[1, 1, 1, 1]",geometric,200,0.99,0.001,199.97507161119586,200,512
16,0.0,32,0.015573646989651024,"[0, 0, 1, 1]",geometric,200,0.99,0.001,199.96869837319323,200,512
32,0.0,64,0.019755966000957415,"[0, 0, 0, 0]",geometric,200,0.99,0.001,199.9602931234279,200,512
64,10.0,128,0.024806472996715456,"[1, 0, 1, 0]",geometric,200,0.99,0.001,199.9501435382083,200,512
128,0.0,255,0.0326416369935032,"[1, 1, 1, 0]",geometric,200,0.99,0.001,199.9343988782026,200,512
256,0.0,503,0.048850014980416745,"[1, 1, 1, 0]",geometric,200,0.99,0.001,199.901832288735,200,512
512,10.0,871,0.09064052600297146,"[0, 0, 0, 1]",geometric,200,0.99,0.001,199.81788941537312,200,512
0,7.5,0,8.206599159166217e-05,"[1, 1, 0, 0]",geometric,250,0.99,0.001,249.99979380239063,250,512
1,0.0,2,0.003490788978524506,"[1, 1, 0, 1]",geometric,250,0.99,0.001,249.99122925344864,250,512
2,0.0,4,0.007073026994476095,"[1, 0, 0, 1]",geometric,250,0.99,0.001,249.98222905744387,250,512
4,0.0,8,0.01066030899528414,"[0, 1, 0, 1]",geometric,250,0.99,0.001,249.9732165133866,250,512
8,0.0,16,0.014310234982986003,"[1, 1, 1, 1]",geometric,250,0.99,0.001,249.96404691856563,250,512
16,0.0,32,0.018198732985183597,"[0, 0, 1, 1]",geometric,250,0.99,0.001,249.95427833679847,250,512
32,0.0,64,0.022445480979513377,"[0, 0, 0, 0]",geometric,250,0.99,0.001,249.94361020501506,250,512
64,10.0,128,0.028311345988186076,"[1, 0, 1, 0]",geometric,250,0.99,0.001,249.928875485401,250,512
128,10.0,256,0.03676351497415453,"[1, 0, 1, 0]",geometric,250,0.99,0.001,249.90764564469487,250,512
256,7.5,504,0.053312173986341804,"[1, 1, 0, 0]",geometric,250,0.99,0.001,249.86608456608954,250,512
512,10.0,906,0.09577903398894705,"[1, 0, 1, 0]",geometric,250,0.99,0.001,249.75946292561775,250,512
