Iteration,Fitness,FEvals,Time,State,Restarts,max_iters,current_restart
0,7.5,0,0.00011863300460390747,"[1, 1, 0, 0]",5,512,0
1,7.5,1,0.0010734829993452877,"[1, 1, 0, 0]",5,512,0
2,7.5,2,0.001841140998294577,"[1, 1, 0, 0]",5,512,0
4,7.5,4,0.00263666600221768,"[1, 1, 0, 0]",5,512,0
8,7.5,8,0.003500154009088874,"[1, 1, 0, 0]",5,512,0
16,7.5,16,0.004525521013420075,"[1, 1, 0, 0]",5,512,0
32,7.5,32,0.00590122101129964,"[1, 1, 0, 0]",5,512,0
64,7.5,64,0.0081291820097249,"[1, 1, 0, 0]",5,512,0
128,7.5,128,0.01277893001679331,"[1, 1, 0, 0]",5,512,0
256,7.5,256,0.024763704015640542,"[1, 1, 0, 0]",5,512,0
512,7.5,500,0.057628801005193964,"[1, 1, 0, 0]",5,512,0
0,0.0,500,0.05953155501629226,"[1, 0, 1, 1]",5,512,1
1,0.0,501,0.061016813007881865,"[1, 0, 1, 1]",5,512,1
2,0.0,502,0.06262530499952845,"[1, 0, 1, 1]",5,512,1
4,0.0,504,0.06431401602458209,"[1, 0, 1, 1]",5,512,1
8,10.0,509,0.06635492201894522,"[1, 0, 1, 0]",5,512,1
16,10.0,517,0.06919144600396976,"[1, 0, 1, 0]",5,512,1
32,10.0,533,0.07347245802520774,"[1, 0, 1, 0]",5,512,1
64,10.0,565,0.08066721202339977,"[1, 0, 1, 0]",5,512,1
128,10.0,629,0.09445537300780416,"[1, 0, 1, 0]",5,512,1
256,10.0,757,0.12283517501782626,"[1, 0, 1, 0]",5,512,1
512,10.0,1006,0.1876831690024119,"[1, 0, 1, 0]",5,512,1
0,0.0,1006,0.19021742601762526,"[1, 0, 1, 1]",5,512,2
1,10.0,1008,0.19259739702101797,"[1, 0, 1, 0]",5,512,2
2,10.0,1009,0.19490486301947385,"[1, 0, 1, 0]",5,512,2
4,10.0,1011,0.19754971499787644,"[1, 0, 1, 0]",5,512,2
8,10.0,1015,0.20077960001071915,"[1, 0, 1, 0]",5,512,2
16,10.0,1023,0.20528369100065902,"[1, 0, 1, 0]",5,512,2
32,10.0,1039,0.21191883401479572,"[1, 0, 1, 0]",5,512,2
64,10.0,1071,0.223887944011949,"[1, 0, 1, 0]",5,512,2
128,10.0,1135,0.24583846202585846,"[1, 0, 1, 0]",5,512,2
256,10.0,1263,0.29527765201055445,"[1, 0, 1, 0]",5,512,2
512,10.0,1508,0.39145212300354615,"[1, 0, 1, 0]",5,512,2
0,5.0,1508,0.39462774101411924,"[0, 1, 0, 0]",5,512,3
1,5.0,1509,0.39774795502307825,"[0, 1, 0, 0]",5,512,3
2,5.0,1510,0.4009340860066004,"[0, 1, 0, 0]",5,512,3
4,5.0,1512,0.40475877199787647,"[0, 1, 0, 0]",5,512,3
8,7.5,1517,0.4091414000140503,"[1, 1, 0, 0]",5,512,3
16,7.5,1525,0.4152037849999033,"[1, 1, 0, 0]",5,512,3
32,7.5,1541,0.4248259029991459,"[1, 1, 0, 0]",5,512,3
64,7.5,1573,0.4414442010165658,"[1, 1, 0, 0]",5,512,3
128,7.5,1637,0.47346524501335807,"[1, 1, 0, 0]",5,512,3
256,7.5,1765,0.5373072490037885,"[1, 1, 0, 0]",5,512,3
512,7.5,2016,0.6698153120232746,"[1, 1, 0, 0]",5,512,3
0,2.5,2016,0.673812851018738,"[1, 0, 0, 0]",5,512,4
1,2.5,2017,0.6778182090201881,"[1, 0, 0, 0]",5,512,4
2,10.0,2019,0.6817999540071469,"[1, 0, 1, 0]",5,512,4
4,10.0,2021,0.6866484640049748,"[1, 0, 1, 0]",5,512,4
8,10.0,2025,0.6923838230140973,"[1, 0, 1, 0]",5,512,4
16,10.0,2033,0.7001874650013633,"[1, 0, 1, 0]",5,512,4
32,10.0,2049,0.7126287900027819,"[1, 0, 1, 0]",5,512,4
64,10.0,2081,0.7340424920257647,"[1, 0, 1, 0]",5,512,4
128,10.0,2145,0.7742830520146526,"[1, 0, 1, 0]",5,512,4
256,10.0,2273,0.8538299490173813,"[1, 0, 1, 0]",5,512,4
512,10.0,2519,1.0212386070052162,"[1, 0, 1, 0]",5,512,4
0,0.0,2519,1.026002871018136,"[0, 1, 1, 0]",5,512,5
1,7.5,2521,1.0308509090100415,"[0, 0, 1, 0]",5,512,5
2,10.0,2523,1.036160687013762,"[1, 0, 1, 0]",5,512,5
4,10.0,2525,1.0418224440072663,"[1, 0, 1, 0]",5,512,5
8,10.0,2529,1.048852905019885,"[1, 0, 1, 0]",5,512,5
16,10.0,2537,1.058978813001886,"[1, 0, 1, 0]",5,512,5
32,10.0,2553,1.0744992600230034,"[1, 0, 1, 0]",5,512,5
64,10.0,2585,1.1011977630259935,"[1, 0, 1, 0]",5,512,5
128,10.0,2649,1.1508526440011337,"[1, 0, 1, 0]",5,512,5
256,10.0,2777,1.2516854280256666,"[1, 0, 1, 0]",5,512,5
512,10.0,3023,1.4536062560218852,"[1, 0, 1, 0]",5,512,5
0,7.5,0,9.152799611911178e-05,"[1, 1, 0, 0]",10,512,0
1,7.5,1,0.004940860002534464,"[1, 1, 0, 0]",10,512,0
2,7.5,2,0.009825176995946094,"[1, 1, 0, 0]",10,512,0
4,7.5,4,0.014864796015899628,"[1, 1, 0, 0]",10,512,0
8,7.5,8,0.019856063008774072,"[1, 1, 0, 0]",10,512,0
16,7.5,16,0.024870882014511153,"[1, 1, 0, 0]",10,512,0
32,7.5,32,0.030468064011074603,"[1, 1, 0, 0]",10,512,0
64,7.5,64,0.03652804999728687,"[1, 1, 0, 0]",10,512,0
128,7.5,128,0.04506770000443794,"[1, 1, 0, 0]",10,512,0
256,7.5,256,0.06065291800769046,"[1, 1, 0, 0]",10,512,0
512,7.5,500,0.09740239701932296,"[1, 1, 0, 0]",10,512,0
0,0.0,500,0.10324963802122511,"[1, 0, 1, 1]",10,512,1
1,0.0,501,0.10880706200259738,"[1, 0, 1, 1]",10,512,1
2,0.0,502,0.11498192901490256,"[1, 0, 1, 1]",10,512,1
4,0.0,504,0.12064242199994624,"[1, 0, 1, 1]",10,512,1
8,10.0,509,0.1269494229927659,"[1, 0, 1, 0]",10,512,1
16,10.0,517,0.13370970901451074,"[1, 0, 1, 0]",10,512,1
32,10.0,533,0.1418861740094144,"[1, 0, 1, 0]",10,512,1
64,10.0,565,0.15305734699359164,"[1, 0, 1, 0]",10,512,1
128,10.0,629,0.17060080001829192,"[1, 0, 1, 0]",10,512,1
256,10.0,757,0.2035749689966906,"[1, 0, 1, 0]",10,512,1
512,10.0,1006,0.2741129310161341,"[1, 0, 1, 0]",10,512,1
0,0.0,1006,0.2807534550083801,"[1, 0, 1, 1]",10,512,2
1,10.0,1008,0.28708839300088584,"[1, 0, 1, 0]",10,512,2
2,10.0,1009,0.29352191800717264,"[1, 0, 1, 0]",10,512,2
4,10.0,1011,0.30036869100877084,"[1, 0, 1, 0]",10,512,2
8,10.0,1015,0.30755836301250383,"[1, 0, 1, 0]",10,512,2
16,10.0,1023,0.31658724599401467,"[1, 0, 1, 0]",10,512,2
32,10.0,1039,0.32755438901949674,"[1, 0, 1, 0]",10,512,2
64,10.0,1071,0.34354192001046613,"[1, 0, 1, 0]",10,512,2
128,10.0,1135,0.3711865119985305,"[1, 0, 1, 0]",10,512,2
256,10.0,1263,0.42250544400303625,"[1, 0, 1, 0]",10,512,2
512,10.0,1508,0.5274800320039503,"[1, 0, 1, 0]",10,512,2
0,5.0,1508,0.5346787779999431,"[0, 1, 0, 0]",10,512,3
1,5.0,1509,0.5422425730212126,"[0, 1, 0, 0]",10,512,3
2,5.0,1510,0.5494943929952569,"[0, 1, 0, 0]",10,512,3
4,5.0,1512,0.5571111990138888,"[0, 1, 0, 0]",10,512,3
8,7.5,1517,0.5667141400044784,"[1, 1, 0, 0]",10,512,3
16,7.5,1525,0.5770463320077397,"[1, 1, 0, 0]",10,512,3
32,7.5,1541,0.5905771020043176,"[1, 1, 0, 0]",10,512,3
64,7.5,1573,0.6126719560124911,"[1, 1, 0, 0]",10,512,3
128,7.5,1637,0.6481822070199996,"[1, 1, 0, 0]",10,512,3
256,7.5,1765,0.7174634370021522,"[1, 1, 0, 0]",10,512,3
512,7.5,2016,0.8604405410005711,"[1, 1, 0, 0]",10,512,3
0,2.5,2016,0.8682728320127353,"[1, 0, 0, 0]",10,512,4
1,2.5,2017,0.8764075020153541,"[1, 0, 0, 0]",10,512,4
2,10.0,2019,0.8844561020086985,"[1, 0, 1, 0]",10,512,4
4,10.0,2021,0.893152683012886,"[1, 0, 1, 0]",10,512,4
8,10.0,2025,0.9028724690142553,"[1, 0, 1, 0]",10,512,4
16,10.0,2033,0.9150745480146725,"[1, 0, 1, 0]",10,512,4
32,10.0,2049,0.9314694210188463,"[1, 0, 1, 0]",10,512,4
64,10.0,2081,0.9568657299969345,"[1, 0, 1, 0]",10,512,4
128,10.0,2145,1.0003637990157586,"[1, 0, 1, 0]",10,512,4
256,10.0,2273,1.083234146994073,"[1, 0, 1, 0]",10,512,4
512,10.0,2519,1.2524462600122206,"[1, 0, 1, 0]",10,512,4
0,0.0,2519,1.2614049469993915,"[0, 1, 1, 0]",10,512,5
1,7.5,2521,1.2703859939938411,"[0, 0, 1, 0]",10,512,5
2,10.0,2523,1.27948226800072,"[1, 0, 1, 0]",10,512,5
4,10.0,2525,1.2891932589991484,"[1, 0, 1, 0]",10,512,5
8,10.0,2529,1.3004915390047245,"[1, 0, 1, 0]",10,512,5
16,10.0,2537,1.3148745600192342,"[1, 0, 1, 0]",10,512,5
32,10.0,2553,1.3342490869981702,"[1, 0, 1, 0]",10,512,5
64,10.0,2585,1.364828421996208,"[1, 0, 1, 0]",10,512,5
128,10.0,2649,1.4189786589995492,"[1, 0, 1, 0]",10,512,5
256,10.0,2777,1.5223612209956627,"[1, 0, 1, 0]",10,512,5
512,10.0,3023,1.7212291650066618,"[1, 0, 1, 0]",10,512,5
0,2.5,3023,1.7307473620167002,"[1, 0, 0, 0]",10,512,6
1,2.5,3024,1.7402444510080386,"[1, 0, 0, 0]",10,512,6
2,2.5,3025,1.7499480789992958,"[1, 0, 0, 0]",10,512,6
4,10.0,3028,1.7605634000210557,"[1, 0, 1, 0]",10,512,6
8,10.0,3032,1.7724295929947402,"[1, 0, 1, 0]",10,512,6
16,10.0,3040,1.787783681997098,"[1, 0, 1, 0]",10,512,6
32,10.0,3056,1.8098977080080658,"[1, 0, 1, 0]",10,512,6
64,10.0,3088,1.8454341320029926,"[1, 0, 1, 0]",10,512,6
128,10.0,3152,1.9060834900010377,"[1, 0, 1, 0]",10,512,6
256,10.0,3280,2.0277040979999583,"[1, 0, 1, 0]",10,512,6
512,10.0,3528,2.2611909180122893,"[1, 0, 1, 0]",10,512,6
0,0.0,3528,2.2710890500165988,"[1, 1, 1, 1]",10,512,7
1,0.0,3529,2.2817162410065066,"[1, 1, 1, 1]",10,512,7
2,0.0,3530,2.2922564829932526,"[1, 1, 1, 1]",10,512,7
4,0.0,3532,2.3040311110089533,"[1, 1, 1, 1]",10,512,7
8,0.0,3536,2.317726772016613,"[1, 1, 1, 1]",10,512,7
16,0.0,3544,2.3348978480207734,"[1, 1, 1, 1]",10,512,7
32,0.0,3560,2.3597478040028363,"[1, 1, 1, 1]",10,512,7
64,0.0,3592,2.3991799380164593,"[1, 1, 1, 1]",10,512,7
128,0.0,3656,2.46897443299531,"[1, 1, 1, 1]",10,512,7
256,0.0,3784,2.6046679790015332,"[1, 1, 1, 1]",10,512,7
512,0.0,4028,2.8689454620180186,"[1, 1, 1, 1]",10,512,7
0,0.0,4028,2.879877364001004,"[0, 0, 0, 0]",10,512,8
1,10.0,4030,2.891417400998762,"[0, 0, 0, 1]",10,512,8
2,10.0,4031,2.9031389680167194,"[0, 0, 0, 1]",10,512,8
4,10.0,4033,2.9159547120216303,"[0, 0, 0, 1]",10,512,8
8,10.0,4037,2.9307037090184167,"[0, 0, 0, 1]",10,512,8
16,10.0,4045,2.9499998259998392,"[0, 0, 0, 1]",10,512,8
32,10.0,4061,2.9780295510136057,"[0, 0, 0, 1]",10,512,8
64,10.0,4093,3.0222524020064157,"[0, 0, 0, 1]",10,512,8
128,10.0,4157,3.104452458996093,"[0, 0, 0, 1]",10,512,8
256,10.0,4285,3.2630276959971525,"[0, 0, 0, 1]",10,512,8
512,10.0,4530,3.5657384390069637,"[0, 0, 0, 1]",10,512,8
0,2.5,4530,3.577123268012656,"[1, 0, 0, 0]",10,512,9
1,10.0,4532,3.5996004510088824,"[1, 0, 1, 0]",10,512,9
2,10.0,4533,3.6131398290162906,"[1, 0, 1, 0]",10,512,9
4,10.0,4535,3.628111591009656,"[1, 0, 1, 0]",10,512,9
8,10.0,4539,3.6455393850046676,"[1, 0, 1, 0]",10,512,9
16,10.0,4547,3.667219462018693,"[1, 0, 1, 0]",10,512,9
32,10.0,4563,3.6987371270079166,"[1, 0, 1, 0]",10,512,9
64,10.0,4595,3.7509417640103493,"[1, 0, 1, 0]",10,512,9
128,10.0,4659,3.8459845439938363,"[1, 0, 1, 0]",10,512,9
256,10.0,4787,4.022330937994411,"[1, 0, 1, 0]",10,512,9
512,10.0,5032,4.356181790994015,"[1, 0, 1, 0]",10,512,9
0,0.0,5032,4.368719555001007,"[1, 1, 1, 1]",10,512,10
1,0.0,5033,4.382200657011708,"[1, 1, 1, 1]",10,512,10
2,0.0,5034,4.395608915016055,"[1, 1, 1, 1]",10,512,10
4,0.0,5036,4.410515141993528,"[1, 1, 1, 1]",10,512,10
8,0.0,5040,4.429802628001198,"[1, 1, 1, 1]",10,512,10
16,0.0,5048,4.4536145650199614,"[1, 1, 1, 1]",10,512,10
32,0.0,5064,4.488790906005306,"[1, 1, 1, 1]",10,512,10
64,0.0,5096,4.545218546001706,"[1, 1, 1, 1]",10,512,10
128,0.0,5160,4.645403280010214,"[1, 1, 1, 1]",10,512,10
256,0.0,5288,4.839268213021569,"[1, 1, 1, 1]",10,512,10
512,0.0,5532,5.218940582999494,"[1, 1, 1, 1]",10,512,10
0,7.5,0,9.686400881037116e-05,"[1, 1, 0, 0]",15,512,0
1,7.5,1,0.012677246006205678,"[1, 1, 0, 0]",15,512,0
2,7.5,2,0.024952715990366414,"[1, 1, 0, 0]",15,512,0
4,7.5,4,0.037432073993841186,"[1, 1, 0, 0]",15,512,0
8,7.5,8,0.04999582699383609,"[1, 1, 0, 0]",15,512,0
16,7.5,16,0.0627291559940204,"[1, 1, 0, 0]",15,512,0
32,7.5,32,0.07538400799967349,"[1, 1, 0, 0]",15,512,0
64,7.5,64,0.0894425809965469,"[1, 1, 0, 0]",15,512,0
128,7.5,128,0.10564514898578636,"[1, 1, 0, 0]",15,512,0
256,7.5,256,0.12865502800559625,"[1, 1, 0, 0]",15,512,0
512,7.5,500,0.17257413698825985,"[1, 1, 0, 0]",15,512,0
0,0.0,500,0.18673048898926936,"[1, 0, 1, 1]",15,512,1
1,0.0,501,0.19993827500729822,"[1, 0, 1, 1]",15,512,1
2,0.0,502,0.2130752959928941,"[1, 0, 1, 1]",15,512,1
4,0.0,504,0.22630680198199116,"[1, 0, 1, 1]",15,512,1
8,10.0,509,0.2413926099834498,"[1, 0, 1, 0]",15,512,1
16,10.0,517,0.2557322990032844,"[1, 0, 1, 0]",15,512,1
32,10.0,533,0.27165716199669987,"[1, 0, 1, 0]",15,512,1
64,10.0,565,0.2911745290039107,"[1, 0, 1, 0]",15,512,1
128,10.0,629,0.31603322498267516,"[1, 0, 1, 0]",15,512,1
256,10.0,757,0.35608069598674774,"[1, 0, 1, 0]",15,512,1
512,10.0,1006,0.43507755899918266,"[1, 0, 1, 0]",15,512,1
0,0.0,1006,0.4497279399947729,"[1, 0, 1, 1]",15,512,2
1,10.0,1008,0.4640572879870888,"[1, 0, 1, 0]",15,512,2
2,10.0,1009,0.4781814730085898,"[1, 0, 1, 0]",15,512,2
4,10.0,1011,0.49304227298125625,"[1, 0, 1, 0]",15,512,2
8,10.0,1015,0.5083493969868869,"[1, 0, 1, 0]",15,512,2
16,10.0,1023,0.5251146320078988,"[1, 0, 1, 0]",15,512,2
32,10.0,1039,0.5439383139892016,"[1, 0, 1, 0]",15,512,2
64,10.0,1071,0.568096939008683,"[1, 0, 1, 0]",15,512,2
128,10.0,1135,0.6033117909973953,"[1, 0, 1, 0]",15,512,2
256,10.0,1263,0.662636503984686,"[1, 0, 1, 0]",15,512,2
512,10.0,1508,0.771935256983852,"[1, 0, 1, 0]",15,512,2
0,5.0,1508,0.7876351340091787,"[0, 1, 0, 0]",15,512,3
1,5.0,1509,0.8028561149840243,"[0, 1, 0, 0]",15,512,3
2,5.0,1510,0.8184347939968575,"[0, 1, 0, 0]",15,512,3
4,5.0,1512,0.83438836800633,"[0, 1, 0, 0]",15,512,3
8,7.5,1517,0.8511679540097248,"[1, 1, 0, 0]",15,512,3
16,7.5,1525,0.8695915729913395,"[1, 1, 0, 0]",15,512,3
32,7.5,1541,0.8919430539826863,"[1, 1, 0, 0]",15,512,3
64,7.5,1573,0.9208263059845194,"[1, 1, 0, 0]",15,512,3
128,7.5,1637,0.9635978849837556,"[1, 1, 0, 0]",15,512,3
256,7.5,1765,1.0371441800089087,"[1, 1, 0, 0]",15,512,3
512,7.5,2016,1.181635257002199,"[1, 1, 0, 0]",15,512,3
0,2.5,2016,1.1973241759988014,"[1, 0, 0, 0]",15,512,4
1,2.5,2017,1.2130507499969099,"[1, 0, 0, 0]",15,512,4
2,10.0,2019,1.229049113986548,"[1, 0, 1, 0]",15,512,4
4,10.0,2021,1.2457348739844747,"[1, 0, 1, 0]",15,512,4
8,10.0,2025,1.2634339740034193,"[1, 0, 1, 0]",15,512,4
16,10.0,2033,1.2829751980025321,"[1, 0, 1, 0]",15,512,4
32,10.0,2049,1.3066808900039177,"[1, 0, 1, 0]",15,512,4
64,10.0,2081,1.3394861739943735,"[1, 0, 1, 0]",15,512,4
128,10.0,2145,1.3907435389992315,"[1, 0, 1, 0]",15,512,4
256,10.0,2273,1.4814259529812261,"[1, 0, 1, 0]",15,512,4
512,10.0,2519,1.6571699240012094,"[1, 0, 1, 0]",15,512,4
0,0.0,2519,1.6733706060040276,"[0, 1, 1, 0]",15,512,5
1,7.5,2521,1.6904203089943621,"[0, 0, 1, 0]",15,512,5
2,10.0,2523,1.7077198940096423,"[1, 0, 1, 0]",15,512,5
4,10.0,2525,1.7254609600058757,"[1, 0, 1, 0]",15,512,5
8,10.0,2529,1.7443826569942757,"[1, 0, 1, 0]",15,512,5
16,10.0,2537,1.7655928710009903,"[1, 0, 1, 0]",15,512,5
32,10.0,2553,1.7920984649972524,"[1, 0, 1, 0]",15,512,5
64,10.0,2585,1.8315356069942936,"[1, 0, 1, 0]",15,512,5
128,10.0,2649,1.894852194993291,"[1, 0, 1, 0]",15,512,5
256,10.0,2777,2.0066012569877785,"[1, 0, 1, 0]",15,512,5
512,10.0,3023,2.2227453349914867,"[1, 0, 1, 0]",15,512,5
0,2.5,3023,2.2399684859847184,"[1, 0, 0, 0]",15,512,6
1,2.5,3024,2.2575117299857084,"[1, 0, 0, 0]",15,512,6
2,2.5,3025,2.2754157070012297,"[1, 0, 0, 0]",15,512,6
4,10.0,3028,2.294809390004957,"[1, 0, 1, 0]",15,512,6
8,10.0,3032,2.315146139007993,"[1, 0, 1, 0]",15,512,6
16,10.0,3040,2.3386367189814337,"[1, 0, 1, 0]",15,512,6
32,10.0,3056,2.3678644979954697,"[1, 0, 1, 0]",15,512,6
64,10.0,3088,2.4106310049828608,"[1, 0, 1, 0]",15,512,6
128,10.0,3152,2.479742895986419,"[1, 0, 1, 0]",15,512,6
256,10.0,3280,2.6062684080097824,"[1, 0, 1, 0]",15,512,6
512,10.0,3528,2.854741766001098,"[1, 0, 1, 0]",15,512,6
0,0.0,3528,2.8725939150026534,"[1, 1, 1, 1]",15,512,7
1,0.0,3529,2.8912673169979826,"[1, 1, 1, 1]",15,512,7
2,0.0,3530,2.9103827890066896,"[1, 1, 1, 1]",15,512,7
4,0.0,3532,2.9307522109884303,"[1, 1, 1, 1]",15,512,7
8,0.0,3536,2.95219098898815,"[1, 1, 1, 1]",15,512,7
16,0.0,3544,2.9774954709864687,"[1, 1, 1, 1]",15,512,7
32,0.0,3560,3.010614184982842,"[1, 1, 1, 1]",15,512,7
64,0.0,3592,3.0580641650012694,"[1, 1, 1, 1]",15,512,7
128,0.0,3656,3.137734593008645,"[1, 1, 1, 1]",15,512,7
256,0.0,3784,3.285821412981022,"[1, 1, 1, 1]",15,512,7
512,0.0,4028,3.5683843820006587,"[1, 1, 1, 1]",15,512,7
0,0.0,4028,3.5871312920062337,"[0, 0, 0, 0]",15,512,8
1,10.0,4030,3.606899856007658,"[0, 0, 0, 1]",15,512,8
2,10.0,4031,3.626289537001867,"[0, 0, 0, 1]",15,512,8
4,10.0,4033,3.6472242710005958,"[0, 0, 0, 1]",15,512,8
8,10.0,4037,3.669600724999327,"[0, 0, 0, 1]",15,512,8
16,10.0,4045,3.697923472005641,"[0, 0, 0, 1]",15,512,8
32,10.0,4061,3.733857929997612,"[0, 0, 0, 1]",15,512,8
64,10.0,4093,3.7873923239822034,"[0, 0, 0, 1]",15,512,8
128,10.0,4157,3.884230703988578,"[0, 0, 0, 1]",15,512,8
256,10.0,4285,4.055289031006396,"[0, 0, 0, 1]",15,512,8
512,10.0,4530,4.375320389983244,"[0, 0, 0, 1]",15,512,8
0,2.5,4530,4.395280892989831,"[1, 0, 0, 0]",15,512,9
1,10.0,4532,4.4159551830089185,"[1, 0, 1, 0]",15,512,9
2,10.0,4533,4.4366163479862735,"[1, 0, 1, 0]",15,512,9
4,10.0,4535,4.458530901989434,"[1, 0, 1, 0]",15,512,9
8,10.0,4539,4.483444491983391,"[1, 0, 1, 0]",15,512,9
16,10.0,4547,4.513651026005391,"[1, 0, 1, 0]",15,512,9
32,10.0,4563,4.553426519996719,"[1, 0, 1, 0]",15,512,9
64,10.0,4595,4.615612052002689,"[1, 0, 1, 0]",15,512,9
128,10.0,4659,4.717289300984703,"[1, 0, 1, 0]",15,512,9
256,10.0,4787,4.900685392000014,"[1, 0, 1, 0]",15,512,9
512,10.0,5032,5.253076980996411,"[1, 0, 1, 0]",15,512,9
0,0.0,5032,5.273121443984564,"[1, 1, 1, 1]",15,512,10
1,0.0,5033,5.294930042990018,"[1, 1, 1, 1]",15,512,10
2,0.0,5034,5.316676380985882,"[1, 1, 1, 1]",15,512,10
4,0.0,5036,5.339280368003529,"[1, 1, 1, 1]",15,512,10
8,0.0,5040,5.365082628006348,"[1, 1, 1, 1]",15,512,10
16,0.0,5048,5.395707808987936,"[1, 1, 1, 1]",15,512,10
32,0.0,5064,5.436694921983872,"[1, 1, 1, 1]",15,512,10
64,0.0,5096,5.500476223998703,"[1, 1, 1, 1]",15,512,10
128,0.0,5160,5.60873318000813,"[1, 1, 1, 1]",15,512,10
256,0.0,5288,5.8176266480004415,"[1, 1, 1, 1]",15,512,10
512,0.0,5532,6.211204774997896,"[1, 1, 1, 1]",15,512,10
0,10.0,5532,6.232152829004917,"[1, 0, 1, 0]",15,512,11
1,10.0,5533,6.254465973004699,"[1, 0, 1, 0]",15,512,11
2,10.0,5534,6.2771630639908835,"[1, 0, 1, 0]",15,512,11
4,10.0,5536,6.302404690999538,"[1, 0, 1, 0]",15,512,11
8,10.0,5540,6.329478818981443,"[1, 0, 1, 0]",15,512,11
16,10.0,5548,6.361993455997435,"[1, 0, 1, 0]",15,512,11
32,10.0,5564,6.407911179994699,"[1, 0, 1, 0]",15,512,11
64,10.0,5596,6.476231970998924,"[1, 0, 1, 0]",15,512,11
128,10.0,5660,6.594427209987771,"[1, 0, 1, 0]",15,512,11
256,10.0,5788,6.81906285698642,"[1, 0, 1, 0]",15,512,11
512,10.0,6032,7.24674933499773,"[1, 0, 1, 0]",15,512,11
0,10.0,6032,7.268891943007475,"[1, 0, 1, 0]",15,512,12
1,10.0,6033,7.291393257008167,"[1, 0, 1, 0]",15,512,12
2,10.0,6034,7.314449086989043,"[1, 0, 1, 0]",15,512,12
4,10.0,6036,7.338424896996003,"[1, 0, 1, 0]",15,512,12
8,10.0,6040,7.366292730992427,"[1, 0, 1, 0]",15,512,12
16,10.0,6048,7.402585753996391,"[1, 0, 1, 0]",15,512,12
32,10.0,6064,7.450374915992143,"[1, 0, 1, 0]",15,512,12
64,10.0,6096,7.525484137993772,"[1, 0, 1, 0]",15,512,12
128,10.0,6160,7.658556257985765,"[1, 0, 1, 0]",15,512,12
256,10.0,6288,7.907110653992277,"[1, 0, 1, 0]",15,512,12
512,10.0,6532,8.363933999004075,"[1, 0, 1, 0]",15,512,12
0,0.0,6532,8.38628417000291,"[0, 0, 1, 1]",15,512,13
1,0.0,6533,8.410399216983933,"[0, 0, 1, 1]",15,512,13
2,10.0,6535,8.434385551983723,"[0, 0, 0, 1]",15,512,13
4,10.0,6537,8.45956494298298,"[0, 0, 0, 1]",15,512,13
8,10.0,6541,8.4881712399947,"[0, 0, 0, 1]",15,512,13
16,10.0,6549,8.524647883983562,"[0, 0, 0, 1]",15,512,13
32,10.0,6565,8.57424634299241,"[0, 0, 0, 1]",15,512,13
64,10.0,6597,8.654056036990369,"[0, 0, 0, 1]",15,512,13
128,10.0,6661,8.793818103993544,"[0, 0, 0, 1]",15,512,13
256,10.0,6789,9.057772309985012,"[0, 0, 0, 1]",15,512,13
512,10.0,7035,9.561463644000469,"[0, 0, 0, 1]",15,512,13
0,0.0,7035,9.585462693998124,"[1, 1, 0, 1]",15,512,14
1,0.0,7036,9.61149240200757,"[1, 1, 0, 1]",15,512,14
2,0.0,7037,9.637107768008718,"[1, 1, 0, 1]",15,512,14
4,7.5,7040,9.664847414009273,"[1, 1, 0, 0]",15,512,14
8,7.5,7044,9.697139633994084,"[1, 1, 0, 0]",15,512,14
16,7.5,7052,9.735937449993799,"[1, 1, 0, 0]",15,512,14
32,7.5,7068,9.788798385998234,"[1, 1, 0, 0]",15,512,14
64,7.5,7100,9.877394738985458,"[1, 1, 0, 0]",15,512,14
128,7.5,7164,10.03424207799253,"[1, 1, 0, 0]",15,512,14
256,7.5,7292,10.324580999993486,"[1, 1, 0, 0]",15,512,14
512,7.5,7539,10.873068968998268,"[1, 1, 0, 0]",15,512,14
0,7.5,7539,10.896869071002584,"[0, 0, 1, 0]",15,512,15
1,7.5,7540,10.923125625005923,"[0, 0, 1, 0]",15,512,15
2,7.5,7541,10.949719380005263,"[0, 0, 1, 0]",15,512,15
4,10.0,7544,10.976749925001059,"[1, 0, 1, 0]",15,512,15
8,10.0,7548,11.01045272598276,"[1, 0, 1, 0]",15,512,15
16,10.0,7556,11.05074470298132,"[1, 0, 1, 0]",15,512,15
32,10.0,7572,11.110377147007966,"[1, 0, 1, 0]",15,512,15
64,10.0,7604,11.206195251987083,"[1, 0, 1, 0]",15,512,15
128,10.0,7668,11.368100147985388,"[1, 0, 1, 0]",15,512,15
256,10.0,7796,11.67777125100838,"[1, 0, 1, 0]",15,512,15
512,10.0,8043,12.267879377992358,"[1, 0, 1, 0]",15,512,15
