Iteration,Fitness,FEvals,Time,State,Population Size,Mutation Rate,max_iters
0,0.0,100,0.002445627993438393,"[0, 0, 1, 1]",100,0.4,512
1,10.0,202,0.009051992994500324,"[0, 0, 0, 1]",100,0.4,512
2,10.0,303,0.015426858008140698,"[0, 0, 0, 1]",100,0.4,512
4,10.0,505,0.02729121400625445,"[0, 0, 0, 1]",100,0.4,512
8,10.0,909,0.049849206989165395,"[0, 0, 0, 1]",100,0.4,512
16,10.0,1717,0.09395859399228357,"[0, 0, 0, 1]",100,0.4,512
32,10.0,3333,0.18181522699887864,"[0, 0, 0, 1]",100,0.4,512
64,10.0,6565,0.3622293260123115,"[0, 0, 0, 1]",100,0.4,512
128,10.0,13029,0.7089111419918481,"[0, 0, 0, 1]",100,0.4,512
256,10.0,25957,1.4156711619871203,"[0, 0, 0, 1]",100,0.4,512
512,10.0,50702,2.7750439860101324,"[0, 0, 0, 1]",100,0.4,512
0,0.0,100,0.001986932009458542,"[0, 0, 1, 1]",100,0.5,512
1,10.0,202,0.008616378996521235,"[0, 0, 0, 1]",100,0.5,512
2,10.0,303,0.01540686801308766,"[0, 0, 0, 1]",100,0.5,512
4,10.0,505,0.027588276017922908,"[0, 0, 0, 1]",100,0.5,512
8,10.0,909,0.05100849401787855,"[0, 0, 0, 1]",100,0.5,512
16,10.0,1717,0.09517913599847816,"[0, 0, 0, 1]",100,0.5,512
32,10.0,3333,0.18176140400464647,"[0, 0, 0, 1]",100,0.5,512
64,10.0,6565,0.3553962869918905,"[0, 0, 0, 1]",100,0.5,512
128,10.0,13029,0.7015408580191433,"[0, 0, 0, 1]",100,0.5,512
256,10.0,25957,1.4050719870137982,"[0, 0, 0, 1]",100,0.5,512
512,10.0,50702,2.7788236280030105,"[0, 0, 0, 1]",100,0.5,512
0,0.0,100,0.0020179650164209306,"[0, 0, 1, 1]",100,0.6,512
1,10.0,202,0.009313317015767097,"[0, 0, 0, 1]",100,0.6,512
2,10.0,303,0.01680728601058945,"[0, 0, 0, 1]",100,0.6,512
4,10.0,505,0.02961443900130689,"[0, 0, 0, 1]",100,0.6,512
8,10.0,909,0.05370591100654565,"[0, 0, 0, 1]",100,0.6,512
16,10.0,1717,0.10052716502104886,"[0, 0, 0, 1]",100,0.6,512
32,10.0,3333,0.19231999802286737,"[0, 0, 0, 1]",100,0.6,512
64,10.0,6565,0.37195517600048333,"[0, 0, 0, 1]",100,0.6,512
128,10.0,13029,0.7270666070107836,"[0, 0, 0, 1]",100,0.6,512
256,10.0,25957,1.4868471980153117,"[0, 0, 0, 1]",100,0.6,512
512,10.0,50702,2.9774726210162044,"[0, 0, 0, 1]",100,0.6,512
0,0.0,150,0.003372387000126764,"[0, 0, 1, 1]",150,0.4,512
1,10.0,302,0.014626988006057218,"[1, 0, 1, 0]",150,0.4,512
2,10.0,453,0.02621427399571985,"[1, 0, 1, 0]",150,0.4,512
4,10.0,755,0.0460018549929373,"[1, 0, 1, 0]",150,0.4,512
8,10.0,1359,0.08302917599212378,"[1, 0, 1, 0]",150,0.4,512
16,10.0,2567,0.15723050601081923,"[1, 0, 1, 0]",150,0.4,512
32,10.0,4983,0.30166740200365894,"[1, 0, 1, 0]",150,0.4,512
64,10.0,9815,0.5839319310034625,"[1, 0, 1, 0]",150,0.4,512
128,10.0,19479,1.1518838409974705,"[1, 0, 1, 0]",150,0.4,512
256,10.0,38807,2.277676396013703,"[1, 0, 1, 0]",150,0.4,512
512,10.0,75802,4.450228282017633,"[1, 0, 1, 0]",150,0.4,512
0,0.0,150,0.003236461983760819,"[0, 0, 1, 1]",150,0.5,512
1,10.0,302,0.015598158002831042,"[1, 0, 1, 0]",150,0.5,512
2,10.0,453,0.027952386997640133,"[1, 0, 1, 0]",150,0.5,512
4,10.0,755,0.049362427002051845,"[1, 0, 1, 0]",150,0.5,512
8,10.0,1359,0.08785576099762693,"[1, 0, 1, 0]",150,0.5,512
16,10.0,2567,0.16055010398849845,"[1, 0, 1, 0]",150,0.5,512
32,10.0,4983,0.3013715109846089,"[1, 0, 1, 0]",150,0.5,512
64,10.0,9815,0.5805605789937545,"[1, 0, 1, 0]",150,0.5,512
128,10.0,19479,1.1572246690047905,"[1, 0, 1, 0]",150,0.5,512
256,10.0,38807,2.2585189520032145,"[1, 0, 1, 0]",150,0.5,512
512,10.0,75802,4.283000466006342,"[1, 0, 1, 0]",150,0.5,512
0,0.0,150,0.002931603987235576,"[0, 0, 1, 1]",150,0.6,512
1,10.0,302,0.01456009698449634,"[0, 0, 0, 1]",150,0.6,512
2,10.0,453,0.026452908001374453,"[0, 0, 0, 1]",150,0.6,512
4,10.0,755,0.0466825399780646,"[0, 0, 0, 1]",150,0.6,512
8,10.0,1359,0.08292593198711984,"[0, 0, 0, 1]",150,0.6,512
16,10.0,2567,0.15220532199600711,"[0, 0, 0, 1]",150,0.6,512
32,10.0,4983,0.2870272979780566,"[0, 0, 0, 1]",150,0.6,512
64,10.0,9815,0.5538320839987136,"[0, 0, 0, 1]",150,0.6,512
128,10.0,19479,1.0858268149895594,"[0, 0, 0, 1]",150,0.6,512
256,10.0,38807,2.154777834977722,"[0, 0, 0, 1]",150,0.6,512
512,10.0,75802,4.236090021004202,"[0, 0, 0, 1]",150,0.6,512
0,0.0,200,0.0038847379910293967,"[0, 0, 1, 1]",200,0.4,512
1,10.0,402,0.018882484000641853,"[0, 0, 0, 1]",200,0.4,512
2,10.0,603,0.033924034010851756,"[0, 0, 0, 1]",200,0.4,512
4,10.0,1005,0.05988357399473898,"[0, 0, 0, 1]",200,0.4,512
8,10.0,1809,0.10709028801647946,"[0, 0, 0, 1]",200,0.4,512
16,10.0,3417,0.19902425701729953,"[0, 0, 0, 1]",200,0.4,512
32,10.0,6633,0.37937870001769625,"[0, 0, 0, 1]",200,0.4,512
64,10.0,13065,0.7288668059918564,"[0, 0, 0, 1]",200,0.4,512
128,10.0,25929,1.4301748129946645,"[0, 0, 0, 1]",200,0.4,512
256,10.0,51657,2.827281990001211,"[0, 0, 0, 1]",200,0.4,512
512,10.0,100902,5.524570106994361,"[0, 0, 0, 1]",200,0.4,512
0,0.0,200,0.0038470540021080524,"[0, 0, 1, 1]",200,0.5,512
1,10.0,402,0.01965907702106051,"[0, 0, 0, 1]",200,0.5,512
2,10.0,603,0.03625237199594267,"[0, 0, 0, 1]",200,0.5,512
4,10.0,1005,0.06423390601412393,"[0, 0, 0, 1]",200,0.5,512
8,10.0,1809,0.11404665699228644,"[0, 0, 0, 1]",200,0.5,512
16,10.0,3417,0.20824331699986942,"[0, 0, 0, 1]",200,0.5,512
32,10.0,6633,0.3883367509988602,"[0, 0, 0, 1]",200,0.5,512
64,10.0,13065,0.7410724130168092,"[0, 0, 0, 1]",200,0.5,512
128,10.0,25929,1.4507428200158756,"[0, 0, 0, 1]",200,0.5,512
256,10.0,51657,2.875708169012796,"[0, 0, 0, 1]",200,0.5,512
512,10.0,100902,5.586163502011914,"[0, 0, 0, 1]",200,0.5,512
0,0.0,200,0.0038319730083458126,"[0, 0, 1, 1]",200,0.6,512
1,10.0,402,0.02043329700245522,"[0, 0, 0, 1]",200,0.6,512
2,10.0,603,0.03709387799608521,"[0, 0, 0, 1]",200,0.6,512
4,10.0,1005,0.06451285901130177,"[0, 0, 0, 1]",200,0.6,512
8,10.0,1809,0.1137289649923332,"[0, 0, 0, 1]",200,0.6,512
16,10.0,3417,0.20659163501113653,"[0, 0, 0, 1]",200,0.6,512
32,10.0,6633,0.391127979994053,"[0, 0, 0, 1]",200,0.6,512
64,10.0,13065,0.7576861279958393,"[0, 0, 0, 1]",200,0.6,512
128,10.0,25929,1.4784626190084964,"[0, 0, 0, 1]",200,0.6,512
256,10.0,51657,2.911433836008655,"[0, 0, 0, 1]",200,0.6,512
512,10.0,100902,5.654517211019993,"[0, 0, 0, 1]",200,0.6,512
