Iteration,Fitness,FEvals,Time,State,Restarts,max_iters,current_restart
0,0.0,0,8.735602023079991e-05,"[0, 0, 1, 1]",5,512,0
1,0.0,1,0.0008766429964452982,"[0, 0, 1, 1]",5,512,0
2,0.0,2,0.0015958519943524152,"[0, 0, 1, 1]",5,512,0
4,0.0,4,0.00233588699484244,"[0, 0, 1, 1]",5,512,0
8,7.5,9,0.0031712170166429132,"[0, 0, 1, 0]",5,512,0
16,10.0,18,0.004188705002889037,"[1, 0, 1, 0]",5,512,0
32,10.0,34,0.005512628995347768,"[1, 0, 1, 0]",5,512,0
64,10.0,66,0.007667539000976831,"[1, 0, 1, 0]",5,512,0
128,10.0,130,0.012049369019223377,"[1, 0, 1, 0]",5,512,0
256,10.0,258,0.02389628702076152,"[1, 0, 1, 0]",5,512,0
512,10.0,514,0.05737286200746894,"[1, 0, 1, 0]",5,512,0
0,2.5,514,0.05921562301227823,"[1, 0, 0, 0]",5,512,1
1,10.0,516,0.06068501400295645,"[1, 0, 1, 0]",5,512,1
2,10.0,517,0.06214570501470007,"[1, 0, 1, 0]",5,512,1
4,10.0,519,0.06378981799934991,"[1, 0, 1, 0]",5,512,1
8,10.0,523,0.06637486701947637,"[1, 0, 1, 0]",5,512,1
16,10.0,531,0.06918805299210362,"[1, 0, 1, 0]",5,512,1
32,10.0,547,0.0731459140079096,"[1, 0, 1, 0]",5,512,1
64,10.0,579,0.08001013100147247,"[1, 0, 1, 0]",5,512,1
128,10.0,643,0.0941338429984171,"[1, 0, 1, 0]",5,512,1
256,10.0,771,0.12344558100448921,"[1, 0, 1, 0]",5,512,1
512,10.0,1016,0.18974294999497943,"[1, 0, 1, 0]",5,512,1
0,0.0,1016,0.19221710099373013,"[0, 1, 1, 0]",5,512,2
1,0.0,1017,0.1944166960020084,"[0, 1, 1, 0]",5,512,2
2,7.5,1019,0.19691036400035955,"[0, 0, 1, 0]",5,512,2
4,7.5,1021,0.1999879350187257,"[0, 0, 1, 0]",5,512,2
8,7.5,1025,0.2032576159981545,"[0, 0, 1, 0]",5,512,2
16,10.0,1034,0.2075197150115855,"[1, 0, 1, 0]",5,512,2
32,10.0,1050,0.2144341550010722,"[1, 0, 1, 0]",5,512,2
64,10.0,1082,0.22680899599799886,"[1, 0, 1, 0]",5,512,2
128,10.0,1146,0.2507648740138393,"[1, 0, 1, 0]",5,512,2
256,10.0,1274,0.29807104301289655,"[1, 0, 1, 0]",5,512,2
512,10.0,1527,0.3988404739939142,"[1, 0, 1, 0]",5,512,2
0,10.0,1527,0.40224503600620665,"[1, 0, 1, 0]",5,512,3
1,10.0,1528,0.40532146801706403,"[1, 0, 1, 0]",5,512,3
2,10.0,1529,0.40833286399720237,"[1, 0, 1, 0]",5,512,3
4,10.0,1531,0.4118162520171609,"[1, 0, 1, 0]",5,512,3
8,10.0,1535,0.4165700400189962,"[1, 0, 1, 0]",5,512,3
16,10.0,1543,0.4229436900059227,"[1, 0, 1, 0]",5,512,3
32,10.0,1559,0.4325463669956662,"[1, 0, 1, 0]",5,512,3
64,10.0,1591,0.44927815700066276,"[1, 0, 1, 0]",5,512,3
128,10.0,1655,0.4811179969983641,"[1, 0, 1, 0]",5,512,3
256,10.0,1783,0.5452256860153284,"[1, 0, 1, 0]",5,512,3
512,10.0,2027,0.677258169016568,"[1, 0, 1, 0]",5,512,3
0,0.0,2027,0.6811677709920332,"[1, 1, 1, 1]",5,512,4
1,0.0,2028,0.685645043005934,"[1, 1, 1, 1]",5,512,4
2,0.0,2029,0.6896575310092885,"[1, 1, 1, 1]",5,512,4
4,0.0,2031,0.6940516720060259,"[1, 1, 1, 1]",5,512,4
8,0.0,2035,0.6998293520009611,"[1, 1, 1, 1]",5,512,4
16,0.0,2043,0.7077270869922359,"[1, 1, 1, 1]",5,512,4
32,0.0,2059,0.7201274569961242,"[1, 1, 1, 1]",5,512,4
64,0.0,2091,0.7416286829975434,"[1, 1, 1, 1]",5,512,4
128,0.0,2155,0.7818784080154728,"[1, 1, 1, 1]",5,512,4
256,0.0,2283,0.8623887319990899,"[1, 1, 1, 1]",5,512,4
512,0.0,2527,1.0245442849991377,"[1, 1, 1, 1]",5,512,4
0,0.0,2527,1.029181588004576,"[0, 0, 1, 1]",5,512,5
1,0.0,2528,1.0341361650207546,"[0, 0, 1, 1]",5,512,5
2,7.5,2530,1.038878888997715,"[0, 0, 1, 0]",5,512,5
4,7.5,2532,1.0442759419966023,"[0, 0, 1, 0]",5,512,5
8,7.5,2536,1.0512089600088075,"[0, 0, 1, 0]",5,512,5
16,10.0,2545,1.0609211160044651,"[1, 0, 1, 0]",5,512,5
32,10.0,2561,1.0763512669946067,"[1, 0, 1, 0]",5,512,5
64,10.0,2593,1.1032881739956792,"[1, 0, 1, 0]",5,512,5
128,10.0,2657,1.1529593440063763,"[1, 0, 1, 0]",5,512,5
256,10.0,2785,1.2519999590003863,"[1, 0, 1, 0]",5,512,5
512,10.0,3038,1.4567686369991861,"[1, 0, 1, 0]",5,512,5
0,0.0,0,8.987000910565257e-05,"[0, 0, 1, 1]",10,512,0
1,0.0,1,0.0051970409986097366,"[0, 0, 1, 1]",10,512,0
2,0.0,2,0.009963088989024982,"[0, 0, 1, 1]",10,512,0
4,0.0,4,0.014599935995647684,"[0, 0, 1, 1]",10,512,0
8,7.5,9,0.02004045801004395,"[0, 0, 1, 0]",10,512,0
16,10.0,18,0.025899922009557486,"[1, 0, 1, 0]",10,512,0
32,10.0,34,0.031197859992971644,"[1, 0, 1, 0]",10,512,0
64,10.0,66,0.037908430997049436,"[1, 0, 1, 0]",10,512,0
128,10.0,130,0.046514515997841954,"[1, 0, 1, 0]",10,512,0
256,10.0,258,0.06222943100146949,"[1, 0, 1, 0]",10,512,0
512,10.0,514,0.10150597500614822,"[1, 0, 1, 0]",10,512,0
0,2.5,514,0.10776947499834932,"[1, 0, 0, 0]",10,512,1
1,10.0,516,0.11328828398836777,"[1, 0, 1, 0]",10,512,1
2,10.0,517,0.11885936898761429,"[1, 0, 1, 0]",10,512,1
4,10.0,519,0.12522109699784778,"[1, 0, 1, 0]",10,512,1
8,10.0,523,0.13124767399858683,"[1, 0, 1, 0]",10,512,1
16,10.0,531,0.13813586000469513,"[1, 0, 1, 0]",10,512,1
32,10.0,547,0.14640821699867956,"[1, 0, 1, 0]",10,512,1
64,10.0,579,0.15731975398375653,"[1, 0, 1, 0]",10,512,1
128,10.0,643,0.17457366900634952,"[1, 0, 1, 0]",10,512,1
256,10.0,771,0.2070783379895147,"[1, 0, 1, 0]",10,512,1
512,10.0,1016,0.276414752996061,"[1, 0, 1, 0]",10,512,1
0,0.0,1016,0.28270739599247463,"[0, 1, 1, 0]",10,512,2
1,0.0,1017,0.2899167829891667,"[0, 1, 1, 0]",10,512,2
2,7.5,1019,0.2964253519894555,"[0, 0, 1, 0]",10,512,2
4,7.5,1021,0.3040235360094812,"[0, 0, 1, 0]",10,512,2
8,7.5,1025,0.31183392798993737,"[0, 0, 1, 0]",10,512,2
16,10.0,1034,0.32079255100688897,"[1, 0, 1, 0]",10,512,2
32,10.0,1050,0.3318832569930237,"[1, 0, 1, 0]",10,512,2
64,10.0,1082,0.34855487299500965,"[1, 0, 1, 0]",10,512,2
128,10.0,1146,0.37629029000527225,"[1, 0, 1, 0]",10,512,2
256,10.0,1274,0.4272688659839332,"[1, 0, 1, 0]",10,512,2
512,10.0,1527,0.533222180994926,"[1, 0, 1, 0]",10,512,2
0,10.0,1527,0.5405100460047834,"[1, 0, 1, 0]",10,512,3
1,10.0,1528,0.5475399300048593,"[1, 0, 1, 0]",10,512,3
2,10.0,1529,0.5551913520030212,"[1, 0, 1, 0]",10,512,3
4,10.0,1531,0.5626738319988362,"[1, 0, 1, 0]",10,512,3
8,10.0,1535,0.5711396420083474,"[1, 0, 1, 0]",10,512,3
16,10.0,1543,0.5813470399880316,"[1, 0, 1, 0]",10,512,3
32,10.0,1559,0.595037611987209,"[1, 0, 1, 0]",10,512,3
64,10.0,1591,0.6157303320069332,"[1, 0, 1, 0]",10,512,3
128,10.0,1655,0.6522751660086215,"[1, 0, 1, 0]",10,512,3
256,10.0,1783,0.720488666993333,"[1, 0, 1, 0]",10,512,3
512,10.0,2027,0.8587973130051978,"[1, 0, 1, 0]",10,512,3
0,0.0,2027,0.8667567569937091,"[1, 1, 1, 1]",10,512,4
1,0.0,2028,0.8750515849969815,"[1, 1, 1, 1]",10,512,4
2,0.0,2029,0.8828400390048046,"[1, 1, 1, 1]",10,512,4
4,0.0,2031,0.8915392989874817,"[1, 1, 1, 1]",10,512,4
8,0.0,2035,0.9010625650116708,"[1, 1, 1, 1]",10,512,4
16,0.0,2043,0.9131608809984755,"[1, 1, 1, 1]",10,512,4
32,0.0,2059,0.9298736589844339,"[1, 1, 1, 1]",10,512,4
64,0.0,2091,0.9553349739871919,"[1, 1, 1, 1]",10,512,4
128,0.0,2155,0.9990816120116506,"[1, 1, 1, 1]",10,512,4
256,0.0,2283,1.0829665870114695,"[1, 1, 1, 1]",10,512,4
512,0.0,2527,1.2546571109851357,"[1, 1, 1, 1]",10,512,4
0,0.0,2527,1.26336693300982,"[0, 0, 1, 1]",10,512,5
1,0.0,2528,1.2728371910052374,"[0, 0, 1, 1]",10,512,5
2,7.5,2530,1.281512871995801,"[0, 0, 1, 0]",10,512,5
4,7.5,2532,1.2916118309949525,"[0, 0, 1, 0]",10,512,5
8,7.5,2536,1.3027436099946499,"[0, 0, 1, 0]",10,512,5
16,10.0,2545,1.3164904529985506,"[1, 0, 1, 0]",10,512,5
32,10.0,2561,1.3361192919837777,"[1, 0, 1, 0]",10,512,5
64,10.0,2593,1.367111895000562,"[1, 0, 1, 0]",10,512,5
128,10.0,2657,1.4216845449991524,"[1, 0, 1, 0]",10,512,5
256,10.0,2785,1.5239757800009102,"[1, 0, 1, 0]",10,512,5
512,10.0,3038,1.7323518579942174,"[1, 0, 1, 0]",10,512,5
0,10.0,3038,1.742061286000535,"[0, 0, 0, 1]",10,512,6
1,10.0,3039,1.7517754189902917,"[0, 0, 0, 1]",10,512,6
2,10.0,3040,1.7618857579946052,"[0, 0, 0, 1]",10,512,6
4,10.0,3042,1.7728219270065892,"[0, 0, 0, 1]",10,512,6
8,10.0,3046,1.7852259489882272,"[0, 0, 0, 1]",10,512,6
16,10.0,3054,1.8012427529902197,"[0, 0, 0, 1]",10,512,6
32,10.0,3070,1.8261137279914692,"[0, 0, 0, 1]",10,512,6
64,10.0,3102,1.8627039130078629,"[0, 0, 0, 1]",10,512,6
128,10.0,3166,1.9282481049885973,"[0, 0, 0, 1]",10,512,6
256,10.0,3294,2.0515778670087457,"[0, 0, 0, 1]",10,512,6
512,10.0,3538,2.290982612990774,"[0, 0, 0, 1]",10,512,6
0,0.0,3538,2.301541536988225,"[0, 0, 1, 1]",10,512,7
1,7.5,3540,2.313135192001937,"[0, 0, 1, 0]",10,512,7
2,7.5,3541,2.3256294949969742,"[0, 0, 1, 0]",10,512,7
4,10.0,3544,2.3381603859888855,"[1, 0, 1, 0]",10,512,7
8,10.0,3548,2.3530961489886977,"[1, 0, 1, 0]",10,512,7
16,10.0,3556,2.3710043870087247,"[1, 0, 1, 0]",10,512,7
32,10.0,3572,2.3967792989860754,"[1, 0, 1, 0]",10,512,7
64,10.0,3604,2.4403883120103274,"[1, 0, 1, 0]",10,512,7
128,10.0,3668,2.51478474700707,"[1, 0, 1, 0]",10,512,7
256,10.0,3796,2.6568111939996015,"[1, 0, 1, 0]",10,512,7
512,10.0,4044,2.938363671011757,"[1, 0, 1, 0]",10,512,7
0,10.0,4044,2.949637217010604,"[0, 0, 0, 1]",10,512,8
1,10.0,4045,2.9614977879973594,"[0, 0, 0, 1]",10,512,8
2,10.0,4046,2.9731858980085235,"[0, 0, 0, 1]",10,512,8
4,10.0,4048,2.9855698450119235,"[0, 0, 0, 1]",10,512,8
8,10.0,4052,3.0004289890057407,"[0, 0, 0, 1]",10,512,8
16,10.0,4060,3.0199831619975157,"[0, 0, 0, 1]",10,512,8
32,10.0,4076,3.0499359680106863,"[0, 0, 0, 1]",10,512,8
64,10.0,4108,3.0963870949926786,"[0, 0, 0, 1]",10,512,8
128,10.0,4172,3.180790151003748,"[0, 0, 0, 1]",10,512,8
256,10.0,4300,3.342757818987593,"[0, 0, 0, 1]",10,512,8
512,10.0,4544,3.6506301159970462,"[0, 0, 0, 1]",10,512,8
0,0.0,4544,3.662767908012029,"[0, 0, 1, 1]",10,512,9
1,0.0,4545,3.6758875449886546,"[0, 0, 1, 1]",10,512,9
2,0.0,4546,3.6887753040064126,"[0, 0, 1, 1]",10,512,9
4,10.0,4549,3.70262397400802,"[0, 0, 0, 1]",10,512,9
8,10.0,4553,3.7192904870025814,"[0, 0, 0, 1]",10,512,9
16,10.0,4561,3.7426290359871928,"[0, 0, 0, 1]",10,512,9
32,10.0,4577,3.774939566006651,"[0, 0, 0, 1]",10,512,9
64,10.0,4609,3.825889219995588,"[0, 0, 0, 1]",10,512,9
128,10.0,4673,3.9177629009936936,"[0, 0, 0, 1]",10,512,9
256,10.0,4801,4.0976417739875615,"[0, 0, 0, 1]",10,512,9
512,10.0,5048,4.4538347870111465,"[0, 0, 0, 1]",10,512,9
0,0.0,5048,4.4663399679993745,"[0, 1, 1, 1]",10,512,10
1,0.0,5049,4.479896889999509,"[0, 1, 1, 1]",10,512,10
2,0.0,5050,4.493870904989308,"[0, 1, 1, 1]",10,512,10
4,0.0,5052,4.508700789010618,"[0, 1, 1, 1]",10,512,10
8,0.0,5056,4.526689274003729,"[0, 1, 1, 1]",10,512,10
16,0.0,5064,4.550697739003226,"[0, 1, 1, 1]",10,512,10
32,0.0,5080,4.585227465984644,"[0, 1, 1, 1]",10,512,10
64,0.0,5112,4.6424888120091055,"[0, 1, 1, 1]",10,512,10
128,0.0,5176,4.745483486010926,"[0, 1, 1, 1]",10,512,10
256,0.0,5304,4.940273893997073,"[0, 1, 1, 1]",10,512,10
512,0.0,5548,5.317744133993983,"[0, 1, 1, 1]",10,512,10
0,0.0,0,9.660000796429813e-05,"[0, 0, 1, 1]",15,512,0
1,0.0,1,0.012391410011332482,"[0, 0, 1, 1]",15,512,0
2,0.0,2,0.02453918199171312,"[0, 0, 1, 1]",15,512,0
4,0.0,4,0.03662884299410507,"[0, 0, 1, 1]",15,512,0
8,7.5,9,0.04921004199422896,"[0, 0, 1, 0]",15,512,0
16,10.0,18,0.06163836899213493,"[1, 0, 1, 0]",15,512,0
32,10.0,34,0.07425607400364242,"[1, 0, 1, 0]",15,512,0
64,10.0,66,0.08781500399345532,"[1, 0, 1, 0]",15,512,0
128,10.0,130,0.10382366998237558,"[1, 0, 1, 0]",15,512,0
256,10.0,258,0.12688304999028333,"[1, 0, 1, 0]",15,512,0
512,10.0,514,0.17215290799504146,"[1, 0, 1, 0]",15,512,0
0,2.5,514,0.18547879898687825,"[1, 0, 0, 0]",15,512,1
1,10.0,516,0.19863227399764583,"[1, 0, 1, 0]",15,512,1
2,10.0,517,0.2116874580096919,"[1, 0, 1, 0]",15,512,1
4,10.0,519,0.22465135899255984,"[1, 0, 1, 0]",15,512,1
8,10.0,523,0.23814058100106195,"[1, 0, 1, 0]",15,512,1
16,10.0,531,0.2525242569972761,"[1, 0, 1, 0]",15,512,1
32,10.0,547,0.26849072199547663,"[1, 0, 1, 0]",15,512,1
64,10.0,579,0.28701892399112694,"[1, 0, 1, 0]",15,512,1
128,10.0,643,0.31180366198532283,"[1, 0, 1, 0]",15,512,1
256,10.0,771,0.351266123005189,"[1, 0, 1, 0]",15,512,1
512,10.0,1016,0.4271368199842982,"[1, 0, 1, 0]",15,512,1
0,0.0,1016,0.44095715999719687,"[0, 1, 1, 0]",15,512,2
1,0.0,1017,0.4548470930021722,"[0, 1, 1, 0]",15,512,2
2,7.5,1019,0.4693601570033934,"[0, 0, 1, 0]",15,512,2
4,7.5,1021,0.48402299601002596,"[0, 0, 1, 0]",15,512,2
8,7.5,1025,0.4991123130021151,"[0, 0, 1, 0]",15,512,2
16,10.0,1034,0.5160940320056397,"[1, 0, 1, 0]",15,512,2
32,10.0,1050,0.53488540899707,"[1, 0, 1, 0]",15,512,2
64,10.0,1082,0.5593143909936771,"[1, 0, 1, 0]",15,512,2
128,10.0,1146,0.5932090799906291,"[1, 0, 1, 0]",15,512,2
256,10.0,1274,0.650999151985161,"[1, 0, 1, 0]",15,512,2
512,10.0,1527,0.7653567339875735,"[1, 0, 1, 0]",15,512,2
0,10.0,1527,0.780256122990977,"[1, 0, 1, 0]",15,512,3
1,10.0,1528,0.7950956969871186,"[1, 0, 1, 0]",15,512,3
2,10.0,1529,0.8105572659987956,"[1, 0, 1, 0]",15,512,3
4,10.0,1531,0.825969260011334,"[1, 0, 1, 0]",15,512,3
8,10.0,1535,0.842222892009886,"[1, 0, 1, 0]",15,512,3
16,10.0,1543,0.86061144300038,"[1, 0, 1, 0]",15,512,3
32,10.0,1559,0.8819239439908415,"[1, 0, 1, 0]",15,512,3
64,10.0,1591,0.9113151549827307,"[1, 0, 1, 0]",15,512,3
128,10.0,1655,0.9543556119897403,"[1, 0, 1, 0]",15,512,3
256,10.0,1783,1.0348075740039349,"[1, 0, 1, 0]",15,512,3
512,10.0,2027,1.1821876140020322,"[1, 0, 1, 0]",15,512,3
0,0.0,2027,1.1978270429826807,"[1, 1, 1, 1]",15,512,4
1,0.0,2028,1.2146695129922591,"[1, 1, 1, 1]",15,512,4
2,0.0,2029,1.2305387599917594,"[1, 1, 1, 1]",15,512,4
4,0.0,2031,1.2470188410079572,"[1, 1, 1, 1]",15,512,4
8,0.0,2035,1.264983144996222,"[1, 1, 1, 1]",15,512,4
16,0.0,2043,1.2845762420038227,"[1, 1, 1, 1]",15,512,4
32,0.0,2059,1.3103264049859717,"[1, 1, 1, 1]",15,512,4
64,0.0,2091,1.343908487004228,"[1, 1, 1, 1]",15,512,4
128,0.0,2155,1.396781360002933,"[1, 1, 1, 1]",15,512,4
256,0.0,2283,1.4915100109938066,"[1, 1, 1, 1]",15,512,4
512,0.0,2527,1.6675571920059156,"[1, 1, 1, 1]",15,512,4
0,0.0,2527,1.6837527230090927,"[0, 0, 1, 1]",15,512,5
1,0.0,2528,1.7005047079874203,"[0, 0, 1, 1]",15,512,5
2,7.5,2530,1.7176894159929361,"[0, 0, 1, 0]",15,512,5
4,7.5,2532,1.7350158490007743,"[0, 0, 1, 0]",15,512,5
8,7.5,2536,1.7538553070044145,"[0, 0, 1, 0]",15,512,5
16,10.0,2545,1.7757864409941249,"[1, 0, 1, 0]",15,512,5
32,10.0,2561,1.8026762749941554,"[1, 0, 1, 0]",15,512,5
64,10.0,2593,1.8425893730018288,"[1, 0, 1, 0]",15,512,5
128,10.0,2657,1.9063625909911934,"[1, 0, 1, 0]",15,512,5
256,10.0,2785,2.0211242430086713,"[1, 0, 1, 0]",15,512,5
512,10.0,3038,2.2468130909837782,"[1, 0, 1, 0]",15,512,5
0,10.0,3038,2.26480381298461,"[0, 0, 0, 1]",15,512,6
1,10.0,3039,2.2827431589830667,"[0, 0, 0, 1]",15,512,6
2,10.0,3040,2.300681724009337,"[0, 0, 0, 1]",15,512,6
4,10.0,3042,2.3199029579991475,"[0, 0, 0, 1]",15,512,6
8,10.0,3046,2.340189320995705,"[0, 0, 0, 1]",15,512,6
16,10.0,3054,2.3641893320018426,"[0, 0, 0, 1]",15,512,6
32,10.0,3070,2.3946722419932485,"[0, 0, 0, 1]",15,512,6
64,10.0,3102,2.4381889299838804,"[0, 0, 0, 1]",15,512,6
128,10.0,3166,2.510943758999929,"[0, 0, 0, 1]",15,512,6
256,10.0,3294,2.640872832009336,"[0, 0, 0, 1]",15,512,6
512,10.0,3538,2.8853260779869743,"[0, 0, 0, 1]",15,512,6
0,0.0,3538,2.9034972800000105,"[0, 0, 1, 1]",15,512,7
1,7.5,3540,2.923156967997784,"[0, 0, 1, 0]",15,512,7
2,7.5,3541,2.9422440830094274,"[0, 0, 1, 0]",15,512,7
4,10.0,3544,2.96301503299037,"[1, 0, 1, 0]",15,512,7
8,10.0,3548,2.984926290984731,"[1, 0, 1, 0]",15,512,7
16,10.0,3556,3.0127864120004233,"[1, 0, 1, 0]",15,512,7
32,10.0,3572,3.0454903859936167,"[1, 0, 1, 0]",15,512,7
64,10.0,3604,3.0943285359826405,"[1, 0, 1, 0]",15,512,7
128,10.0,3668,3.174799403990619,"[1, 0, 1, 0]",15,512,7
256,10.0,3796,3.322975610004505,"[1, 0, 1, 0]",15,512,7
512,10.0,4044,3.6126784140069503,"[1, 0, 1, 0]",15,512,7
0,10.0,4044,3.6310019829834346,"[0, 0, 0, 1]",15,512,8
1,10.0,4045,3.6508347149938345,"[0, 0, 0, 1]",15,512,8
2,10.0,4046,3.6699947440065444,"[0, 0, 0, 1]",15,512,8
4,10.0,4048,3.6907011400035117,"[0, 0, 0, 1]",15,512,8
8,10.0,4052,3.7146002819936257,"[0, 0, 0, 1]",15,512,8
16,10.0,4060,3.7423771019966807,"[0, 0, 0, 1]",15,512,8
32,10.0,4076,3.7784608250076417,"[0, 0, 0, 1]",15,512,8
64,10.0,4108,3.8328739310090896,"[0, 0, 0, 1]",15,512,8
128,10.0,4172,3.9240202080109157,"[0, 0, 0, 1]",15,512,8
256,10.0,4300,4.091535098006716,"[0, 0, 0, 1]",15,512,8
512,10.0,4544,4.407038472010754,"[0, 0, 0, 1]",15,512,8
0,0.0,4544,4.426930349989561,"[0, 0, 1, 1]",15,512,9
1,0.0,4545,4.4467796990065835,"[0, 0, 1, 1]",15,512,9
2,0.0,4546,4.467251749010757,"[0, 0, 1, 1]",15,512,9
4,10.0,4549,4.48790743999416,"[0, 0, 0, 1]",15,512,9
8,10.0,4553,4.513193135004258,"[0, 0, 0, 1]",15,512,9
16,10.0,4561,4.541567823005607,"[0, 0, 0, 1]",15,512,9
32,10.0,4577,4.580113178002648,"[0, 0, 0, 1]",15,512,9
64,10.0,4609,4.640470496000489,"[0, 0, 0, 1]",15,512,9
128,10.0,4673,4.7401583709870465,"[0, 0, 0, 1]",15,512,9
256,10.0,4801,4.932197141984943,"[0, 0, 0, 1]",15,512,9
512,10.0,5048,5.293822957988596,"[0, 0, 0, 1]",15,512,9
0,0.0,5048,5.314556108001852,"[0, 1, 1, 1]",15,512,10
1,0.0,5049,5.336217394011328,"[0, 1, 1, 1]",15,512,10
2,0.0,5050,5.35811056298553,"[0, 1, 1, 1]",15,512,10
4,0.0,5052,5.38053435398615,"[0, 1, 1, 1]",15,512,10
8,0.0,5056,5.405875092983479,"[0, 1, 1, 1]",15,512,10
16,0.0,5064,5.436775278998539,"[0, 1, 1, 1]",15,512,10
32,0.0,5080,5.479256725986488,"[0, 1, 1, 1]",15,512,10
64,0.0,5112,5.547104303986998,"[0, 1, 1, 1]",15,512,10
128,0.0,5176,5.6565447360044345,"[0, 1, 1, 1]",15,512,10
256,0.0,5304,5.8593377039942425,"[0, 1, 1, 1]",15,512,10
512,0.0,5548,6.248625906009693,"[0, 1, 1, 1]",15,512,10
0,2.5,5548,6.2699280779925175,"[1, 0, 0, 0]",15,512,11
1,2.5,5549,6.2918157759995665,"[1, 0, 0, 0]",15,512,11
2,2.5,5550,6.31435971200699,"[1, 0, 0, 0]",15,512,11
4,2.5,5552,6.338499754987424,"[1, 0, 0, 0]",15,512,11
8,7.5,5557,6.366731994989095,"[1, 1, 0, 0]",15,512,11
16,7.5,5565,6.3996296059922315,"[1, 1, 0, 0]",15,512,11
32,7.5,5581,6.444738213001983,"[1, 1, 0, 0]",15,512,11
64,7.5,5613,6.512534223991679,"[1, 1, 0, 0]",15,512,11
128,7.5,5677,6.630008879001252,"[1, 1, 0, 0]",15,512,11
256,7.5,5805,6.851723972009495,"[1, 1, 0, 0]",15,512,11
512,7.5,6055,7.286066109983949,"[1, 1, 0, 0]",15,512,11
0,10.0,6055,7.308484549983405,"[0, 0, 0, 1]",15,512,12
1,10.0,6056,7.333165557996836,"[0, 0, 0, 1]",15,512,12
2,10.0,6057,7.356720168987522,"[0, 0, 0, 1]",15,512,12
4,10.0,6059,7.381555091007613,"[0, 0, 0, 1]",15,512,12
8,10.0,6063,7.4099530009843875,"[0, 0, 0, 1]",15,512,12
16,10.0,6071,7.445003120985348,"[0, 0, 0, 1]",15,512,12
32,10.0,6087,7.491616643004818,"[0, 0, 0, 1]",15,512,12
64,10.0,6119,7.564896124007646,"[0, 0, 0, 1]",15,512,12
128,10.0,6183,7.69212822400732,"[0, 0, 0, 1]",15,512,12
256,10.0,6311,7.932625020010164,"[0, 0, 0, 1]",15,512,12
512,10.0,6555,8.38661170800333,"[0, 0, 0, 1]",15,512,12
0,0.0,6555,8.408421191008529,"[1, 0, 0, 1]",15,512,13
1,0.0,6556,8.432339619990671,"[1, 0, 0, 1]",15,512,13
2,2.5,6558,8.45583201298723,"[1, 0, 0, 0]",15,512,13
4,10.0,6561,8.481175172986696,"[1, 0, 1, 0]",15,512,13
8,10.0,6565,8.512387930008117,"[1, 0, 1, 0]",15,512,13
16,10.0,6573,8.55034920698381,"[1, 0, 1, 0]",15,512,13
32,10.0,6589,8.600437982007861,"[1, 0, 1, 0]",15,512,13
64,10.0,6621,8.680646669992711,"[1, 0, 1, 0]",15,512,13
128,10.0,6685,8.819372119993204,"[1, 0, 1, 0]",15,512,13
256,10.0,6813,9.094012557005044,"[1, 0, 1, 0]",15,512,13
512,10.0,7060,9.595921442989493,"[1, 0, 1, 0]",15,512,13
0,0.0,7060,9.618706404988188,"[0, 0, 1, 1]",15,512,14
1,0.0,7061,9.64369960600743,"[0, 0, 1, 1]",15,512,14
2,7.5,7063,9.668431097990833,"[0, 0, 1, 0]",15,512,14
4,7.5,7065,9.696059164009057,"[0, 0, 1, 0]",15,512,14
8,10.0,7070,9.727632136986358,"[1, 0, 1, 0]",15,512,14
16,10.0,7078,9.767652660986641,"[1, 0, 1, 0]",15,512,14
32,10.0,7094,9.820974590984406,"[1, 0, 1, 0]",15,512,14
64,10.0,7126,9.9054638039961,"[1, 0, 1, 0]",15,512,14
128,10.0,7190,10.058599670999683,"[1, 0, 1, 0]",15,512,14
256,10.0,7318,10.350329295994015,"[1, 0, 1, 0]",15,512,14
512,10.0,7569,10.897973596991505,"[1, 0, 1, 0]",15,512,14
0,0.0,7569,10.92193917298573,"[1, 1, 1, 0]",15,512,15
1,7.5,7571,10.948699469998246,"[1, 1, 0, 0]",15,512,15
2,7.5,7572,10.976400004001334,"[1, 1, 0, 0]",15,512,15
4,7.5,7574,11.004593030986143,"[1, 1, 0, 0]",15,512,15
8,7.5,7578,11.038673050992656,"[1, 1, 0, 0]",15,512,15
16,7.5,7586,11.078857321990654,"[1, 1, 0, 0]",15,512,15
32,7.5,7602,11.137386725982651,"[1, 1, 0, 0]",15,512,15
64,7.5,7634,11.226002142007928,"[1, 1, 0, 0]",15,512,15
128,7.5,7698,11.386443741008407,"[1, 1, 0, 0]",15,512,15
256,7.5,7826,11.693975526985014,"[1, 1, 0, 0]",15,512,15
512,7.5,8071,12.284800720983185,"[1, 1, 0, 0]",15,512,15
