Iteration,Fitness,FEvals,Time,State,schedule_type,schedule_init_temp,schedule_decay,schedule_min_temp,schedule_current_value,Temperature,max_iters
0,0.0,0,8.829799480736256e-05,"[0, 0, 1, 1]",geometric,1,0.99,0.001,0.9999991125758908,1,512
1,0.0,2,0.0009972689731512219,"[1, 0, 1, 1]",geometric,1,0.99,0.001,0.9999899771621126,1,512
2,0.0,4,0.001881716976640746,"[1, 1, 1, 1]",geometric,1,0.99,0.001,0.9999810882912321,1,512
4,0.0,8,0.0028029539971612394,"[1, 0, 0, 1]",geometric,1,0.99,0.001,0.999971829767735,1,512
8,10.0,14,0.003811610979028046,"[1, 0, 1, 0]",geometric,1,0.99,0.001,0.9999616927632589,1,512
16,10.0,22,0.004992924979887903,"[1, 0, 1, 0]",geometric,1,0.99,0.001,0.9999498206860847,1,512
32,10.0,38,0.006568035983946174,"[1, 0, 1, 0]",geometric,1,0.99,0.001,0.9999339912111395,1,512
64,10.0,70,0.009432331979041919,"[1, 0, 1, 0]",geometric,1,0.99,0.001,0.9999052063889272,1,512
128,10.0,134,0.014958633983042091,"[1, 0, 1, 0]",geometric,1,0.99,0.001,0.9998496720049463,1,512
256,10.0,262,0.027961199986748397,"[1, 0, 1, 0]",geometric,1,0.99,0.001,0.9997190200315336,1,512
512,10.0,512,0.06451737799216062,"[1, 0, 1, 0]",geometric,1,0.99,0.001,0.999351788862463,1,512
0,0.0,0,8.155000978149474e-05,"[0, 0, 1, 1]",geometric,10,0.99,0.001,9.999991803953488,10,512
1,0.0,2,0.001434714999049902,"[1, 0, 1, 1]",geometric,10,0.99,0.001,9.999855807363641,10,512
2,0.0,4,0.0027549320075195283,"[1, 1, 1, 1]",geometric,10,0.99,0.001,9.999723123913798,10,512
4,0.0,8,0.0041175190126523376,"[1, 0, 0, 1]",geometric,10,0.99,0.001,9.999586184072815,10,512
8,7.5,15,0.0056574199988972396,"[0, 0, 1, 0]",geometric,10,0.99,0.001,9.999431426453874,10,512
16,0.0,29,0.007329209009185433,"[1, 1, 1, 0]",geometric,10,0.99,0.001,9.99926341700823,10,512
32,10.0,58,0.009748592012329027,"[1, 0, 1, 0]",geometric,10,0.99,0.001,9.9990202817573,10,512
64,5.0,107,0.013341623998712748,"[0, 1, 0, 0]",geometric,10,0.99,0.001,9.998659211873493,10,512
128,10.0,191,0.018974219012307003,"[0, 0, 0, 1]",geometric,10,0.99,0.001,9.998093209079377,10,512
256,10.0,323,0.03177352200145833,"[0, 0, 0, 1]",geometric,10,0.99,0.001,9.996807164144927,10,512
512,10.0,579,0.06849817300098948,"[0, 0, 0, 1]",geometric,10,0.99,0.001,9.99311807269307,10,512
0,0.0,0,7.779401494190097e-05,"[0, 0, 1, 1]",geometric,50,0.99,0.001,49.999960907216405,50,512
1,0.0,2,0.0018344840209465474,"[1, 0, 1, 1]",geometric,50,0.99,0.001,49.99907814947177,50,512
2,0.0,4,0.003741373016964644,"[1, 1, 1, 1]",geometric,50,0.99,0.001,49.99811993257873,50,512
4,0.0,8,0.0056413530255667865,"[1, 0, 0, 1]",geometric,50,0.99,0.001,49.997165205734866,50,512
8,0.0,16,0.0078026730043347925,"[0, 1, 1, 0]",geometric,50,0.99,0.001,49.99607917952394,50,512
16,0.0,32,0.01004077700781636,"[0, 0, 0, 0]",geometric,50,0.99,0.001,49.994954595520255,50,512
32,0.0,64,0.012785149010596797,"[0, 0, 0, 0]",geometric,50,0.99,0.001,49.99357566068203,50,512
64,7.5,128,0.016456986020784825,"[1, 1, 0, 0]",geometric,50,0.99,0.001,49.99173077204445,50,512
128,10.0,249,0.02306104701710865,"[0, 0, 0, 1]",geometric,50,0.99,0.001,49.9884127794615,50,512
256,10.0,454,0.03754780502640642,"[1, 0, 1, 0]",geometric,50,0.99,0.001,49.9811351571645,50,512
512,10.0,736,0.07709930802229792,"[1, 0, 1, 0]",geometric,50,0.99,0.001,49.961271309879336,50,512
0,0.0,0,8.158700075000525e-05,"[0, 0, 1, 1]",geometric,100,0.99,0.001,99.99991800235773,100,512
1,0.0,2,0.0024026629980653524,"[1, 0, 1, 1]",geometric,100,0.99,0.001,99.99758527214769,100,512
2,0.0,4,0.004695198003901169,"[1, 1, 1, 1]",geometric,100,0.99,0.001,99.99528127965132,100,512
4,0.0,8,0.007385350996628404,"[1, 0, 0, 1]",geometric,100,0.99,0.001,99.99257774967141,100,512
8,0.0,16,0.010359528008848429,"[0, 1, 1, 0]",geometric,100,0.99,0.001,99.98958886841865,100,512
16,0.0,32,0.013139038986992091,"[0, 0, 0, 0]",geometric,100,0.99,0.001,99.98679569638377,100,512
32,0.0,64,0.016459606995340437,"[0, 0, 0, 0]",geometric,100,0.99,0.001,99.98345891035713,100,512
64,7.5,128,0.02097446098923683,"[1, 1, 0, 0]",geometric,100,0.99,0.001,99.97892218395505,100,512
128,0.0,255,0.028481284010922536,"[1, 1, 1, 0]",geometric,100,0.99,0.001,99.97137944947633,100,512
256,10.0,484,0.04420578098506667,"[1, 0, 1, 0]",geometric,100,0.99,0.001,99.95558157334872,100,512
512,7.5,804,0.0864794570079539,"[1, 1, 0, 0]",geometric,100,0.99,0.001,99.91312300120015,100,512
0,0.0,0,9.623498772270977e-05,"[0, 0, 1, 1]",geometric,200,0.99,0.001,199.99980656130404,200,512
1,0.0,2,0.003116837004199624,"[1, 0, 1, 1]",geometric,200,0.99,0.001,199.9937350463876,200,512
2,0.0,4,0.006338410981697962,"[1, 1, 1, 1]",geometric,200,0.99,0.001,199.9872597739719,200,512
4,0.0,8,0.009500849002506584,"[1, 0, 0, 1]",geometric,200,0.99,0.001,199.9809035670687,200,512
8,0.0,16,0.012746089982101694,"[0, 1, 1, 0]",geometric,200,0.99,0.001,199.9743811439268,200,512
16,0.0,32,0.016092267993371934,"[0, 0, 0, 0]",geometric,200,0.99,0.001,199.96765607600997,200,512
32,0.0,64,0.022289727989118546,"[0, 0, 0, 0]",geometric,200,0.99,0.001,199.95520116761304,200,512
64,7.5,128,0.027542406984139234,"[1, 1, 0, 0]",geometric,200,0.99,0.001,199.94464557361417,200,512
128,10.0,256,0.035450203984510154,"[1, 0, 1, 0]",geometric,200,0.99,0.001,199.92875540127255,200,512
256,10.0,501,0.051832219993229955,"[0, 0, 0, 1]",geometric,200,0.99,0.001,199.89584088842903,200,512
512,10.0,858,0.0928755879867822,"[1, 0, 1, 0]",geometric,200,0.99,0.001,199.8134009318404,200,512
0,0.0,0,8.291000267490745e-05,"[0, 0, 1, 1]",geometric,250,0.99,0.001,249.99979168174366,250,512
1,0.0,2,0.003532367991283536,"[1, 0, 1, 1]",geometric,250,0.99,0.001,249.9911247863749,250,512
2,0.0,4,0.007154630002332851,"[1, 1, 1, 1]",geometric,250,0.99,0.001,249.9820240376937,250,512
4,0.0,8,0.01089429299463518,"[1, 0, 0, 1]",geometric,250,0.99,0.001,249.97262867261787,250,512
8,0.0,16,0.014391135977348313,"[0, 1, 1, 0]",geometric,250,0.99,0.001,249.96384367734,250,512
16,0.0,32,0.01805795799009502,"[0, 0, 0, 0]",geometric,250,0.99,0.001,249.95463198135508,250,512
32,0.0,64,0.022848998982226476,"[0, 0, 0, 0]",geometric,250,0.99,0.001,249.94259656289626,250,512
64,7.5,128,0.028279010992264375,"[1, 1, 0, 0]",geometric,250,0.99,0.001,249.92895670669253,250,512
128,10.0,256,0.03669132399954833,"[1, 0, 1, 0]",geometric,250,0.99,0.001,249.90782696363863,250,512
256,0.0,504,0.05362274299841374,"[0, 0, 0, 0]",geometric,250,0.99,0.001,249.86530465458077,250,512
512,10.0,890,0.09611573399160989,"[1, 0, 1, 0]",geometric,250,0.99,0.001,249.75861775398562,250,512
