Iteration,Fitness,FEvals,Time,State,Restarts,max_iters,current_restart
0,0.0,0,8.564101881347597e-05,"[0, 0, 1, 1]",5,512,0
1,0.0,1,0.0008680500031914562,"[0, 0, 1, 1]",5,512,0
2,0.0,2,0.001571410015458241,"[0, 0, 1, 1]",5,512,0
4,0.0,4,0.0023102679988369346,"[0, 0, 1, 1]",5,512,0
8,7.5,9,0.0033871940104290843,"[0, 0, 1, 0]",5,512,0
16,10.0,18,0.004552767990389839,"[1, 0, 1, 0]",5,512,0
32,10.0,34,0.005859397002495825,"[1, 0, 1, 0]",5,512,0
64,10.0,66,0.007936745998449624,"[1, 0, 1, 0]",5,512,0
128,10.0,130,0.012060759006999433,"[1, 0, 1, 0]",5,512,0
256,10.0,258,0.02300544100580737,"[1, 0, 1, 0]",5,512,0
512,10.0,514,0.056526747008319944,"[1, 0, 1, 0]",5,512,0
0,2.5,514,0.05837280899868347,"[1, 0, 0, 0]",5,512,1
1,10.0,516,0.05991791799897328,"[1, 0, 1, 0]",5,512,1
2,10.0,517,0.06140100100310519,"[1, 0, 1, 0]",5,512,1
4,10.0,519,0.0630334599991329,"[1, 0, 1, 0]",5,512,1
8,10.0,523,0.0649909540079534,"[1, 0, 1, 0]",5,512,1
16,10.0,531,0.06758503499440849,"[1, 0, 1, 0]",5,512,1
32,10.0,547,0.0717348110047169,"[1, 0, 1, 0]",5,512,1
64,10.0,579,0.07889101901673712,"[1, 0, 1, 0]",5,512,1
128,10.0,643,0.09222593999584205,"[1, 0, 1, 0]",5,512,1
256,10.0,771,0.12018405899289064,"[1, 0, 1, 0]",5,512,1
512,10.0,1016,0.18421600700821728,"[1, 0, 1, 0]",5,512,1
0,0.0,1016,0.18671008900855668,"[0, 1, 1, 0]",5,512,2
1,0.0,1017,0.1893299980147276,"[0, 1, 1, 0]",5,512,2
2,7.5,1019,0.1917868189921137,"[0, 0, 1, 0]",5,512,2
4,7.5,1021,0.19447170701459982,"[0, 0, 1, 0]",5,512,2
8,7.5,1025,0.19756351099931635,"[0, 0, 1, 0]",5,512,2
16,10.0,1034,0.20186897300300188,"[1, 0, 1, 0]",5,512,2
32,10.0,1050,0.2094144170114305,"[1, 0, 1, 0]",5,512,2
64,10.0,1082,0.22191217500949278,"[1, 0, 1, 0]",5,512,2
128,10.0,1146,0.24483021200285293,"[1, 0, 1, 0]",5,512,2
256,10.0,1274,0.29049311100970954,"[1, 0, 1, 0]",5,512,2
512,10.0,1527,0.3921375950158108,"[1, 0, 1, 0]",5,512,2
0,10.0,1527,0.39539377999608405,"[1, 0, 1, 0]",5,512,3
1,10.0,1528,0.39844628499122337,"[1, 0, 1, 0]",5,512,3
2,10.0,1529,0.40150449000066146,"[1, 0, 1, 0]",5,512,3
4,10.0,1531,0.40519885599496774,"[1, 0, 1, 0]",5,512,3
8,10.0,1535,0.4099086709902622,"[1, 0, 1, 0]",5,512,3
16,10.0,1543,0.41599502600729465,"[1, 0, 1, 0]",5,512,3
32,10.0,1559,0.4255572830152232,"[1, 0, 1, 0]",5,512,3
64,10.0,1591,0.44230068699107505,"[1, 0, 1, 0]",5,512,3
128,10.0,1655,0.47358158000861295,"[1, 0, 1, 0]",5,512,3
256,10.0,1783,0.5360039049992338,"[1, 0, 1, 0]",5,512,3
512,10.0,2027,0.6618976519966964,"[1, 0, 1, 0]",5,512,3
0,0.0,2027,0.6656498450029176,"[1, 1, 1, 1]",5,512,4
1,0.0,2028,0.6692987690039445,"[1, 1, 1, 1]",5,512,4
2,0.0,2029,0.6734043470059987,"[1, 1, 1, 1]",5,512,4
4,0.0,2031,0.6786396370152943,"[1, 1, 1, 1]",5,512,4
8,0.0,2035,0.6842205669963732,"[1, 1, 1, 1]",5,512,4
16,0.0,2043,0.692619998997543,"[1, 1, 1, 1]",5,512,4
32,0.0,2059,0.7053322580177337,"[1, 1, 1, 1]",5,512,4
64,0.0,2091,0.7272024069970939,"[1, 1, 1, 1]",5,512,4
128,0.0,2155,0.767574166005943,"[1, 1, 1, 1]",5,512,4
256,0.0,2283,0.850297187018441,"[1, 1, 1, 1]",5,512,4
512,0.0,2527,1.0151345810154453,"[1, 1, 1, 1]",5,512,4
0,0.0,2527,1.0196847520128358,"[0, 0, 1, 1]",5,512,5
1,0.0,2528,1.0249916900065728,"[0, 0, 1, 1]",5,512,5
2,7.5,2530,1.029785543010803,"[0, 0, 1, 0]",5,512,5
4,7.5,2532,1.03517960300087,"[0, 0, 1, 0]",5,512,5
8,7.5,2536,1.0430424599908292,"[0, 0, 1, 0]",5,512,5
16,10.0,2545,1.0529530580097344,"[1, 0, 1, 0]",5,512,5
32,10.0,2561,1.0679880650131963,"[1, 0, 1, 0]",5,512,5
64,10.0,2593,1.0950823730090633,"[1, 0, 1, 0]",5,512,5
128,10.0,2657,1.1452022129960824,"[1, 0, 1, 0]",5,512,5
256,10.0,2785,1.243304371018894,"[1, 0, 1, 0]",5,512,5
512,10.0,3038,1.4479585599910934,"[1, 0, 1, 0]",5,512,5
0,0.0,0,8.891001925803721e-05,"[0, 0, 1, 1]",10,512,0
1,0.0,1,0.004790909995790571,"[0, 0, 1, 1]",10,512,0
2,0.0,2,0.009548664005706087,"[0, 0, 1, 1]",10,512,0
4,0.0,4,0.014175018994137645,"[0, 0, 1, 1]",10,512,0
8,7.5,9,0.019471286999760196,"[0, 0, 1, 0]",10,512,0
16,10.0,18,0.024575137998908758,"[1, 0, 1, 0]",10,512,0
32,10.0,34,0.029681988002266735,"[1, 0, 1, 0]",10,512,0
64,10.0,66,0.03642494001542218,"[1, 0, 1, 0]",10,512,0
128,10.0,130,0.04485644301166758,"[1, 0, 1, 0]",10,512,0
256,10.0,258,0.06030800801818259,"[1, 0, 1, 0]",10,512,0
512,10.0,514,0.09903388799284585,"[1, 0, 1, 0]",10,512,0
0,2.5,514,0.10495299001922831,"[1, 0, 0, 0]",10,512,1
1,10.0,516,0.11016491800546646,"[1, 0, 1, 0]",10,512,1
2,10.0,517,0.11552586001926102,"[1, 0, 1, 0]",10,512,1
4,10.0,519,0.12151232099859044,"[1, 0, 1, 0]",10,512,1
8,10.0,523,0.12740411699633114,"[1, 0, 1, 0]",10,512,1
16,10.0,531,0.1343924670072738,"[1, 0, 1, 0]",10,512,1
32,10.0,547,0.14282988701597787,"[1, 0, 1, 0]",10,512,1
64,10.0,579,0.1538349259935785,"[1, 0, 1, 0]",10,512,1
128,10.0,643,0.1712370080058463,"[1, 0, 1, 0]",10,512,1
256,10.0,771,0.20408802601741627,"[1, 0, 1, 0]",10,512,1
512,10.0,1016,0.27296703099273145,"[1, 0, 1, 0]",10,512,1
0,0.0,1016,0.2793902690173127,"[0, 1, 1, 0]",10,512,2
1,0.0,1017,0.2859916070010513,"[0, 1, 1, 0]",10,512,2
2,7.5,1019,0.2928214909916278,"[0, 0, 1, 0]",10,512,2
4,7.5,1021,0.29917510400991887,"[0, 0, 1, 0]",10,512,2
8,7.5,1025,0.30638904101215303,"[0, 0, 1, 0]",10,512,2
16,10.0,1034,0.3143883759912569,"[1, 0, 1, 0]",10,512,2
32,10.0,1050,0.3253017050155904,"[1, 0, 1, 0]",10,512,2
64,10.0,1082,0.3415715740120504,"[1, 0, 1, 0]",10,512,2
128,10.0,1146,0.3679847570019774,"[1, 0, 1, 0]",10,512,2
256,10.0,1274,0.41796826201607473,"[1, 0, 1, 0]",10,512,2
512,10.0,1527,0.5227802339941263,"[1, 0, 1, 0]",10,512,2
0,10.0,1527,0.5298225820006337,"[1, 0, 1, 0]",10,512,3
1,10.0,1528,0.5374946840165649,"[1, 0, 1, 0]",10,512,3
2,10.0,1529,0.5447397910174914,"[1, 0, 1, 0]",10,512,3
4,10.0,1531,0.5527935930003878,"[1, 0, 1, 0]",10,512,3
8,10.0,1535,0.5613560450146906,"[1, 0, 1, 0]",10,512,3
16,10.0,1543,0.5717429740179796,"[1, 0, 1, 0]",10,512,3
32,10.0,1559,0.5854100410069805,"[1, 0, 1, 0]",10,512,3
64,10.0,1591,0.6069749309972394,"[1, 0, 1, 0]",10,512,3
128,10.0,1655,0.6425329520134255,"[1, 0, 1, 0]",10,512,3
256,10.0,1783,0.7113320910139009,"[1, 0, 1, 0]",10,512,3
512,10.0,2027,0.845643859996926,"[1, 0, 1, 0]",10,512,3
0,0.0,2027,0.8541268499975558,"[1, 1, 1, 1]",10,512,4
1,0.0,2028,0.8620710060058627,"[1, 1, 1, 1]",10,512,4
2,0.0,2029,0.8701716600044165,"[1, 1, 1, 1]",10,512,4
4,0.0,2031,0.8788273130194284,"[1, 1, 1, 1]",10,512,4
8,0.0,2035,0.8895719849970192,"[1, 1, 1, 1]",10,512,4
16,0.0,2043,0.90137579900329,"[1, 1, 1, 1]",10,512,4
32,0.0,2059,0.9175990100193303,"[1, 1, 1, 1]",10,512,4
64,0.0,2091,0.9433241120132152,"[1, 1, 1, 1]",10,512,4
128,0.0,2155,0.988463410991244,"[1, 1, 1, 1]",10,512,4
256,0.0,2283,1.0723994790168945,"[1, 1, 1, 1]",10,512,4
512,0.0,2527,1.2415542380185798,"[1, 1, 1, 1]",10,512,4
0,0.0,2527,1.2502102740108967,"[0, 0, 1, 1]",10,512,5
1,0.0,2528,1.2601234989997465,"[0, 0, 1, 1]",10,512,5
2,7.5,2530,1.2698927750170697,"[0, 0, 1, 0]",10,512,5
4,7.5,2532,1.2798783360049129,"[0, 0, 1, 0]",10,512,5
8,7.5,2536,1.291921664000256,"[0, 0, 1, 0]",10,512,5
16,10.0,2545,1.3056951469916385,"[1, 0, 1, 0]",10,512,5
32,10.0,2561,1.3251461719919462,"[1, 0, 1, 0]",10,512,5
64,10.0,2593,1.356961543991929,"[1, 0, 1, 0]",10,512,5
128,10.0,2657,1.4117005940061063,"[1, 0, 1, 0]",10,512,5
256,10.0,2785,1.514019088994246,"[1, 0, 1, 0]",10,512,5
512,10.0,3038,1.7233931350056082,"[1, 0, 1, 0]",10,512,5
0,10.0,3038,1.7327486819995102,"[0, 0, 0, 1]",10,512,6
1,10.0,3039,1.7437037540075835,"[0, 0, 0, 1]",10,512,6
2,10.0,3040,1.754398115008371,"[0, 0, 0, 1]",10,512,6
4,10.0,3042,1.7651156130013987,"[0, 0, 0, 1]",10,512,6
8,10.0,3046,1.778304831997957,"[0, 0, 0, 1]",10,512,6
16,10.0,3054,1.7954378419963177,"[0, 0, 0, 1]",10,512,6
32,10.0,3070,1.8172858449979685,"[0, 0, 0, 1]",10,512,6
64,10.0,3102,1.8542319209955167,"[0, 0, 0, 1]",10,512,6
128,10.0,3166,1.91773559700232,"[0, 0, 0, 1]",10,512,6
256,10.0,3294,2.039587142004166,"[0, 0, 0, 1]",10,512,6
512,10.0,3538,2.2734702980087604,"[0, 0, 0, 1]",10,512,6
0,0.0,3538,2.2833843830158003,"[0, 0, 1, 1]",10,512,7
1,7.5,3540,2.295219002000522,"[0, 0, 1, 0]",10,512,7
2,7.5,3541,2.3056627020123415,"[0, 0, 1, 0]",10,512,7
4,10.0,3544,2.3169042819936294,"[1, 0, 1, 0]",10,512,7
8,10.0,3548,2.3304052040039096,"[1, 0, 1, 0]",10,512,7
16,10.0,3556,2.349002922012005,"[1, 0, 1, 0]",10,512,7
32,10.0,3572,2.375683887017658,"[1, 0, 1, 0]",10,512,7
64,10.0,3604,2.416999567998573,"[1, 0, 1, 0]",10,512,7
128,10.0,3668,2.491822709009284,"[1, 0, 1, 0]",10,512,7
256,10.0,3796,2.6295016249932814,"[1, 0, 1, 0]",10,512,7
512,10.0,4044,2.906368352007121,"[1, 0, 1, 0]",10,512,7
0,10.0,4044,2.9170970900158864,"[0, 0, 0, 1]",10,512,8
1,10.0,4045,2.9290451669949107,"[0, 0, 0, 1]",10,512,8
2,10.0,4046,2.94147989701014,"[0, 0, 0, 1]",10,512,8
4,10.0,4048,2.955288858996937,"[0, 0, 0, 1]",10,512,8
8,10.0,4052,2.971168702992145,"[0, 0, 0, 1]",10,512,8
16,10.0,4060,2.9916918789967895,"[0, 0, 0, 1]",10,512,8
32,10.0,4076,3.0197093570022844,"[0, 0, 0, 1]",10,512,8
64,10.0,4108,3.0652491959917825,"[0, 0, 0, 1]",10,512,8
128,10.0,4172,3.1473209430114366,"[0, 0, 0, 1]",10,512,8
256,10.0,4300,3.309279820008669,"[0, 0, 0, 1]",10,512,8
512,10.0,4544,3.6131848660006654,"[0, 0, 0, 1]",10,512,8
0,0.0,4544,3.6247479990124702,"[0, 0, 1, 1]",10,512,9
1,0.0,4545,3.63731866600574,"[0, 0, 1, 1]",10,512,9
2,0.0,4546,3.6498258630163036,"[0, 0, 1, 1]",10,512,9
4,10.0,4549,3.6643172850017436,"[0, 0, 0, 1]",10,512,9
8,10.0,4553,3.6808072389976587,"[0, 0, 0, 1]",10,512,9
16,10.0,4561,3.702492287993664,"[0, 0, 0, 1]",10,512,9
32,10.0,4577,3.732802932994673,"[0, 0, 0, 1]",10,512,9
64,10.0,4609,3.7831546330126002,"[0, 0, 0, 1]",10,512,9
128,10.0,4673,3.8724202100129332,"[0, 0, 0, 1]",10,512,9
256,10.0,4801,4.0455045429989696,"[0, 0, 0, 1]",10,512,9
512,10.0,5048,4.3902125020103995,"[0, 0, 0, 1]",10,512,9
0,0.0,5048,4.4026521620107815,"[0, 1, 1, 1]",10,512,10
1,0.0,5049,4.415793574007694,"[0, 1, 1, 1]",10,512,10
2,0.0,5050,4.429340759001207,"[0, 1, 1, 1]",10,512,10
4,0.0,5052,4.4439878840057645,"[0, 1, 1, 1]",10,512,10
8,0.0,5056,4.461417467013234,"[0, 1, 1, 1]",10,512,10
16,0.0,5064,4.484095374005847,"[0, 1, 1, 1]",10,512,10
32,0.0,5080,4.517780910013244,"[0, 1, 1, 1]",10,512,10
64,0.0,5112,4.573659724002937,"[0, 1, 1, 1]",10,512,10
128,0.0,5176,4.673322846996598,"[0, 1, 1, 1]",10,512,10
256,0.0,5304,4.870431801013183,"[0, 1, 1, 1]",10,512,10
512,0.0,5548,5.246982768992893,"[0, 1, 1, 1]",10,512,10
0,0.0,0,0.00010013900464400649,"[0, 0, 1, 1]",15,512,0
1,0.0,1,0.012352984020253643,"[0, 0, 1, 1]",15,512,0
2,0.0,2,0.025102501997025684,"[0, 0, 1, 1]",15,512,0
4,0.0,4,0.0379362000094261,"[0, 0, 1, 1]",15,512,0
8,7.5,9,0.05060804300592281,"[0, 0, 1, 0]",15,512,0
16,10.0,18,0.06353406500420533,"[1, 0, 1, 0]",15,512,0
32,10.0,34,0.07675841799937189,"[1, 0, 1, 0]",15,512,0
64,10.0,66,0.09118457301519811,"[1, 0, 1, 0]",15,512,0
128,10.0,130,0.10827766900183633,"[1, 0, 1, 0]",15,512,0
256,10.0,258,0.13161703900550492,"[1, 0, 1, 0]",15,512,0
512,10.0,514,0.17878076402121224,"[1, 0, 1, 0]",15,512,0
0,2.5,514,0.19268253500922583,"[1, 0, 0, 0]",15,512,1
1,10.0,516,0.20625646301778033,"[1, 0, 1, 0]",15,512,1
2,10.0,517,0.21956911002052948,"[1, 0, 1, 0]",15,512,1
4,10.0,519,0.2336718479928095,"[1, 0, 1, 0]",15,512,1
8,10.0,523,0.24730542101315223,"[1, 0, 1, 0]",15,512,1
16,10.0,531,0.2617184160044417,"[1, 0, 1, 0]",15,512,1
32,10.0,547,0.2776605540129822,"[1, 0, 1, 0]",15,512,1
64,10.0,579,0.2966265199938789,"[1, 0, 1, 0]",15,512,1
128,10.0,643,0.32168608900974505,"[1, 0, 1, 0]",15,512,1
256,10.0,771,0.36236723500769585,"[1, 0, 1, 0]",15,512,1
512,10.0,1016,0.4405646350060124,"[1, 0, 1, 0]",15,512,1
0,0.0,1016,0.45507136001833715,"[0, 1, 1, 0]",15,512,2
1,0.0,1017,0.4695737709989771,"[0, 1, 1, 0]",15,512,2
2,7.5,1019,0.4843821460090112,"[0, 0, 1, 0]",15,512,2
4,7.5,1021,0.4991171550063882,"[0, 0, 1, 0]",15,512,2
8,7.5,1025,0.5144410429929849,"[0, 0, 1, 0]",15,512,2
16,10.0,1034,0.5306368040037341,"[1, 0, 1, 0]",15,512,2
32,10.0,1050,0.5489012900216039,"[1, 0, 1, 0]",15,512,2
64,10.0,1082,0.5720623980159871,"[1, 0, 1, 0]",15,512,2
128,10.0,1146,0.6056184220069554,"[1, 0, 1, 0]",15,512,2
256,10.0,1274,0.6623756000190042,"[1, 0, 1, 0]",15,512,2
512,10.0,1527,0.7748475830012467,"[1, 0, 1, 0]",15,512,2
0,10.0,1527,0.789831910020439,"[1, 0, 1, 0]",15,512,3
1,10.0,1528,0.805099841003539,"[1, 0, 1, 0]",15,512,3
2,10.0,1529,0.8205656149948481,"[1, 0, 1, 0]",15,512,3
4,10.0,1531,0.8370523379999213,"[1, 0, 1, 0]",15,512,3
8,10.0,1535,0.8541438870015554,"[1, 0, 1, 0]",15,512,3
16,10.0,1543,0.8726638280204497,"[1, 0, 1, 0]",15,512,3
32,10.0,1559,0.8949497510038782,"[1, 0, 1, 0]",15,512,3
64,10.0,1591,0.9240290340094361,"[1, 0, 1, 0]",15,512,3
128,10.0,1655,0.968319022009382,"[1, 0, 1, 0]",15,512,3
256,10.0,1783,1.043123473005835,"[1, 0, 1, 0]",15,512,3
512,10.0,2027,1.1848025600193068,"[1, 0, 1, 0]",15,512,3
0,0.0,2027,1.2011126819998026,"[1, 1, 1, 1]",15,512,4
1,0.0,2028,1.2175577900197823,"[1, 1, 1, 1]",15,512,4
2,0.0,2029,1.2342066730197985,"[1, 1, 1, 1]",15,512,4
4,0.0,2031,1.2508175889961421,"[1, 1, 1, 1]",15,512,4
8,0.0,2035,1.2685347050137352,"[1, 1, 1, 1]",15,512,4
16,0.0,2043,1.289355709013762,"[1, 1, 1, 1]",15,512,4
32,0.0,2059,1.3143732320168056,"[1, 1, 1, 1]",15,512,4
64,0.0,2091,1.3492578610021155,"[1, 1, 1, 1]",15,512,4
128,0.0,2155,1.4024663790187333,"[1, 1, 1, 1]",15,512,4
256,0.0,2283,1.4972762890101876,"[1, 1, 1, 1]",15,512,4
512,0.0,2527,1.6750724690209609,"[1, 1, 1, 1]",15,512,4
0,0.0,2527,1.692333746002987,"[0, 0, 1, 1]",15,512,5
1,0.0,2528,1.7097247320052702,"[0, 0, 1, 1]",15,512,5
2,7.5,2530,1.7273511350213084,"[0, 0, 1, 0]",15,512,5
4,7.5,2532,1.744935741997324,"[0, 0, 1, 0]",15,512,5
8,7.5,2536,1.7641664020193275,"[0, 0, 1, 0]",15,512,5
16,10.0,2545,1.785771005001152,"[1, 0, 1, 0]",15,512,5
32,10.0,2561,1.813772912020795,"[1, 0, 1, 0]",15,512,5
64,10.0,2593,1.851987864007242,"[1, 0, 1, 0]",15,512,5
128,10.0,2657,1.914979712018976,"[1, 0, 1, 0]",15,512,5
256,10.0,2785,2.0326920770166907,"[1, 0, 1, 0]",15,512,5
512,10.0,3038,2.2550002399948426,"[1, 0, 1, 0]",15,512,5
0,10.0,3038,2.272773546021199,"[0, 0, 0, 1]",15,512,6
1,10.0,3039,2.2906165269960184,"[0, 0, 0, 1]",15,512,6
2,10.0,3040,2.30869914899813,"[0, 0, 0, 1]",15,512,6
4,10.0,3042,2.327595629001735,"[0, 0, 0, 1]",15,512,6
8,10.0,3046,2.348407331010094,"[0, 0, 0, 1]",15,512,6
16,10.0,3054,2.3714876440062653,"[0, 0, 0, 1]",15,512,6
32,10.0,3070,2.402130661008414,"[0, 0, 0, 1]",15,512,6
64,10.0,3102,2.4483770090155303,"[0, 0, 0, 1]",15,512,6
128,10.0,3166,2.519396717019845,"[0, 0, 0, 1]",15,512,6
256,10.0,3294,2.646732785011409,"[0, 0, 0, 1]",15,512,6
512,10.0,3538,2.886637249001069,"[0, 0, 0, 1]",15,512,6
0,0.0,3538,2.9049405560072046,"[0, 0, 1, 1]",15,512,7
1,7.5,3540,2.924487725016661,"[0, 0, 1, 0]",15,512,7
2,7.5,3541,2.9438072460179683,"[0, 0, 1, 0]",15,512,7
4,10.0,3544,2.9635715119948145,"[1, 0, 1, 0]",15,512,7
8,10.0,3548,2.9848158399981912,"[1, 0, 1, 0]",15,512,7
16,10.0,3556,3.0103283250064123,"[1, 0, 1, 0]",15,512,7
32,10.0,3572,3.043497674021637,"[1, 0, 1, 0]",15,512,7
64,10.0,3604,3.091407418018207,"[1, 0, 1, 0]",15,512,7
128,10.0,3668,3.1731057580036577,"[1, 0, 1, 0]",15,512,7
256,10.0,3796,3.3192188260145485,"[1, 0, 1, 0]",15,512,7
512,10.0,4044,3.6014730379974935,"[1, 0, 1, 0]",15,512,7
0,10.0,4044,3.620200967998244,"[0, 0, 0, 1]",15,512,8
1,10.0,4045,3.6398277260013856,"[0, 0, 0, 1]",15,512,8
2,10.0,4046,3.660259587020846,"[0, 0, 0, 1]",15,512,8
4,10.0,4048,3.6809697080170736,"[0, 0, 0, 1]",15,512,8
8,10.0,4052,3.7040197589958552,"[0, 0, 0, 1]",15,512,8
16,10.0,4060,3.7322364790015854,"[0, 0, 0, 1]",15,512,8
32,10.0,4076,3.77106015800382,"[0, 0, 0, 1]",15,512,8
64,10.0,4108,3.82420740701491,"[0, 0, 0, 1]",15,512,8
128,10.0,4172,3.9188405940076336,"[0, 0, 0, 1]",15,512,8
256,10.0,4300,4.092045872996096,"[0, 0, 0, 1]",15,512,8
512,10.0,4544,4.410570267995354,"[0, 0, 0, 1]",15,512,8
0,0.0,4544,4.43000996200135,"[0, 0, 1, 1]",15,512,9
1,0.0,4545,4.4501125600072555,"[0, 0, 1, 1]",15,512,9
2,0.0,4546,4.470371431001695,"[0, 0, 1, 1]",15,512,9
4,10.0,4549,4.491761241020868,"[0, 0, 0, 1]",15,512,9
8,10.0,4553,4.515787253010785,"[0, 0, 0, 1]",15,512,9
16,10.0,4561,4.545178577012848,"[0, 0, 0, 1]",15,512,9
32,10.0,4577,4.584096153994324,"[0, 0, 0, 1]",15,512,9
64,10.0,4609,4.643657483014977,"[0, 0, 0, 1]",15,512,9
128,10.0,4673,4.743244804005371,"[0, 0, 0, 1]",15,512,9
256,10.0,4801,4.9298178190074395,"[0, 0, 0, 1]",15,512,9
512,10.0,5048,5.2919478389958385,"[0, 0, 0, 1]",15,512,9
0,0.0,5048,5.312034652015427,"[0, 1, 1, 1]",15,512,10
1,0.0,5049,5.333363658020971,"[0, 1, 1, 1]",15,512,10
2,0.0,5050,5.355231241002912,"[0, 1, 1, 1]",15,512,10
4,0.0,5052,5.378469745017355,"[0, 1, 1, 1]",15,512,10
8,0.0,5056,5.404110699018929,"[0, 1, 1, 1]",15,512,10
16,0.0,5064,5.436872866994236,"[0, 1, 1, 1]",15,512,10
32,0.0,5080,5.48109423200367,"[0, 1, 1, 1]",15,512,10
64,0.0,5112,5.5512098250037525,"[0, 1, 1, 1]",15,512,10
128,0.0,5176,5.668885143997613,"[0, 1, 1, 1]",15,512,10
256,0.0,5304,5.874049169011414,"[0, 1, 1, 1]",15,512,10
512,0.0,5548,6.272943012998439,"[0, 1, 1, 1]",15,512,10
0,2.5,5548,6.294109428010415,"[1, 0, 0, 0]",15,512,11
1,2.5,5549,6.315982085012365,"[1, 0, 0, 0]",15,512,11
2,2.5,5550,6.338120950007578,"[1, 0, 0, 0]",15,512,11
4,2.5,5552,6.36283648601966,"[1, 0, 0, 0]",15,512,11
8,7.5,5557,6.389000966999447,"[1, 1, 0, 0]",15,512,11
16,7.5,5565,6.422638844000176,"[1, 1, 0, 0]",15,512,11
32,7.5,5581,6.468962583021494,"[1, 1, 0, 0]",15,512,11
64,7.5,5613,6.537941150018014,"[1, 1, 0, 0]",15,512,11
128,7.5,5677,6.657931936002569,"[1, 1, 0, 0]",15,512,11
256,7.5,5805,6.882324695994612,"[1, 1, 0, 0]",15,512,11
512,7.5,6055,7.3200842720107175,"[1, 1, 0, 0]",15,512,11
0,10.0,6055,7.342825187020935,"[0, 0, 0, 1]",15,512,12
1,10.0,6056,7.366445641004248,"[0, 0, 0, 1]",15,512,12
2,10.0,6057,7.389296847017249,"[0, 0, 0, 1]",15,512,12
4,10.0,6059,7.414264023012947,"[0, 0, 0, 1]",15,512,12
8,10.0,6063,7.442848157021217,"[0, 0, 0, 1]",15,512,12
16,10.0,6071,7.478017318004277,"[0, 0, 0, 1]",15,512,12
32,10.0,6087,7.527173917012988,"[0, 0, 0, 1]",15,512,12
64,10.0,6119,7.604036636999808,"[0, 0, 0, 1]",15,512,12
128,10.0,6183,7.734730063995812,"[0, 0, 0, 1]",15,512,12
256,10.0,6311,7.986268770007882,"[0, 0, 0, 1]",15,512,12
512,10.0,6555,8.459398150997004,"[0, 0, 0, 1]",15,512,12
0,0.0,6555,8.481608531001257,"[1, 0, 0, 1]",15,512,13
1,0.0,6556,8.506170034001116,"[1, 0, 0, 1]",15,512,13
2,2.5,6558,8.531362348992843,"[1, 0, 0, 0]",15,512,13
4,10.0,6561,8.558050043997355,"[1, 0, 1, 0]",15,512,13
8,10.0,6565,8.58747350901831,"[1, 0, 1, 0]",15,512,13
16,10.0,6573,8.625092956994195,"[1, 0, 1, 0]",15,512,13
32,10.0,6589,8.67726410200703,"[1, 0, 1, 0]",15,512,13
64,10.0,6621,8.75906120199943,"[1, 0, 1, 0]",15,512,13
128,10.0,6685,8.899955297994893,"[1, 0, 1, 0]",15,512,13
256,10.0,6813,9.170812864002073,"[1, 0, 1, 0]",15,512,13
512,10.0,7060,9.676363103004405,"[1, 0, 1, 0]",15,512,13
0,0.0,7060,9.699829125020187,"[0, 0, 1, 1]",15,512,14
1,0.0,7061,9.724933638994116,"[0, 0, 1, 1]",15,512,14
2,7.5,7063,9.750624687992968,"[0, 0, 1, 0]",15,512,14
4,7.5,7065,9.778419831010979,"[0, 0, 1, 0]",15,512,14
8,10.0,7070,9.80922047799686,"[1, 0, 1, 0]",15,512,14
16,10.0,7078,9.849405692017172,"[1, 0, 1, 0]",15,512,14
32,10.0,7094,9.903921598015586,"[1, 0, 1, 0]",15,512,14
64,10.0,7126,9.993879232002655,"[1, 0, 1, 0]",15,512,14
128,10.0,7190,10.147266354004387,"[1, 0, 1, 0]",15,512,14
256,10.0,7318,10.440809780993732,"[1, 0, 1, 0]",15,512,14
512,10.0,7569,10.993442742008483,"[1, 0, 1, 0]",15,512,14
0,0.0,7569,11.017540283995913,"[1, 1, 1, 0]",15,512,15
1,7.5,7571,11.043489864008734,"[1, 1, 0, 0]",15,512,15
2,7.5,7572,11.069901858019875,"[1, 1, 0, 0]",15,512,15
4,7.5,7574,11.09894366201479,"[1, 1, 0, 0]",15,512,15
8,7.5,7578,11.131430648994865,"[1, 1, 0, 0]",15,512,15
16,7.5,7586,11.173027409007773,"[1, 1, 0, 0]",15,512,15
32,7.5,7602,11.229475099011324,"[1, 1, 0, 0]",15,512,15
64,7.5,7634,11.319770185014931,"[1, 1, 0, 0]",15,512,15
128,7.5,7698,11.479910449997988,"[1, 1, 0, 0]",15,512,15
256,7.5,7826,11.783650480996585,"[1, 1, 0, 0]",15,512,15
512,7.5,8071,12.384298235992901,"[1, 1, 0, 0]",15,512,15
