Iteration,Fitness,FEvals,Time,State,schedule_type,schedule_init_temp,schedule_decay,schedule_min_temp,schedule_current_value,Temperature,max_iters
0,0.0,0,8.369798888452351e-05,"[0, 0, 1, 1]",geometric,1,0.99,0.001,0.9999991588074553,1,512
1,0.0,2,0.001184519991511479,"[1, 0, 1, 1]",geometric,1,0.99,0.001,0.9999880952471223,1,512
2,0.0,4,0.002051318995654583,"[1, 1, 1, 1]",geometric,1,0.99,0.001,0.9999793837676685,1,512
4,0.0,8,0.0030144100019242615,"[1, 0, 0, 1]",geometric,1,0.99,0.001,0.9999697046259947,1,512
8,10.0,14,0.00402130899601616,"[1, 0, 1, 0]",geometric,1,0.99,0.001,0.9999595853107149,1,512
16,10.0,22,0.005219378013862297,"[1, 0, 1, 0]",geometric,1,0.99,0.001,0.9999475448738325,1,512
32,10.0,38,0.006798529997467995,"[1, 0, 1, 0]",geometric,1,0.99,0.001,0.9999316748244865,1,512
64,10.0,70,0.009502135013462976,"[1, 0, 1, 0]",geometric,1,0.99,0.001,0.9999045049117357,1,512
128,10.0,134,0.015597910998621956,"[1, 0, 1, 0]",geometric,1,0.99,0.001,0.9998432480427228,1,512
256,10.0,262,0.028706379991490394,"[1, 0, 1, 0]",geometric,1,0.99,0.001,0.9997115328545975,1,512
512,10.0,512,0.06345390499336645,"[1, 0, 1, 0]",geometric,1,0.99,0.001,0.999362470252105,1,512
0,0.0,0,7.721898145973682e-05,"[0, 0, 1, 1]",geometric,10,0.99,0.001,9.999992239236033,10,512
1,0.0,2,0.0013846269866917282,"[1, 0, 1, 1]",geometric,10,0.99,0.001,9.999860841305786,10,512
2,0.0,4,0.0026919929950963706,"[1, 1, 1, 1]",geometric,10,0.99,0.001,9.999729449322789,10,512
4,0.0,8,0.004224108997732401,"[1, 0, 0, 1]",geometric,10,0.99,0.001,9.99957547187037,10,512
8,7.5,15,0.005864621984073892,"[0, 0, 1, 0]",geometric,10,0.99,0.001,9.999410603164176,10,512
16,0.0,29,0.007579097989946604,"[1, 1, 1, 0]",geometric,10,0.99,0.001,9.999238304207841,10,512
32,10.0,58,0.009781372005818412,"[1, 0, 1, 0]",geometric,10,0.99,0.001,9.999016987581172,10,512
64,5.0,107,0.012949223979376256,"[0, 1, 0, 0]",geometric,10,0.99,0.001,9.998698644183346,10,512
128,10.0,191,0.01848783399327658,"[0, 0, 0, 1]",geometric,10,0.99,0.001,9.998142083205758,10,512
256,10.0,323,0.031202243990264833,"[0, 0, 0, 1]",geometric,10,0.99,0.001,9.996864561336702,10,512
512,10.0,579,0.06869662398821674,"[0, 0, 0, 1]",geometric,10,0.99,0.001,9.993098141448224,10,512
0,0.0,0,9.588399552740157e-05,"[0, 0, 1, 1]",geometric,50,0.99,0.001,49.99995181670531,50,512
1,0.0,2,0.0022065070224925876,"[1, 0, 1, 1]",geometric,50,0.99,0.001,49.99889120546248,50,512
2,0.0,4,0.004420042008860037,"[1, 1, 1, 1]",geometric,50,0.99,0.001,49.997778904000356,50,512
4,0.0,8,0.006336471007671207,"[1, 0, 0, 1]",geometric,50,0.99,0.001,49.99681591830041,50,512
8,0.0,16,0.008348069997737184,"[0, 1, 1, 0]",geometric,50,0.99,0.001,49.99580513061884,50,512
16,0.0,32,0.010502856021048501,"[0, 0, 0, 0]",geometric,50,0.99,0.001,49.99472241702679,50,512
32,0.0,64,0.013125469005899504,"[0, 0, 0, 0]",geometric,50,0.99,0.001,49.9934046664353,50,512
64,7.5,128,0.01701259901165031,"[1, 1, 0, 0]",geometric,50,0.99,0.001,49.99145161414191,50,512
128,10.0,249,0.02404901699628681,"[0, 0, 0, 1]",geometric,50,0.99,0.001,49.987916425475056,50,512
256,10.0,454,0.038806352007668465,"[1, 0, 1, 0]",geometric,50,0.99,0.001,49.980502958788335,50,512
512,10.0,736,0.0773385229986161,"[1, 0, 1, 0]",geometric,50,0.99,0.001,49.96115119359223,50,512
0,0.0,0,7.788999937474728e-05,"[0, 0, 1, 1]",geometric,100,0.99,0.001,99.99992171796531,100,512
1,0.0,2,0.002542985981563106,"[1, 0, 1, 1]",geometric,100,0.99,0.001,99.99744424634139,100,512
2,0.0,4,0.005250310990959406,"[1, 1, 1, 1]",geometric,100,0.99,0.001,99.99472340033797,100,512
4,0.0,8,0.008313301979796961,"[1, 0, 0, 1]",geometric,100,0.99,0.001,99.99164520133789,100,512
8,0.0,16,0.011291015980532393,"[0, 1, 1, 0]",geometric,100,0.99,0.001,99.988652793571,100,512
16,0.0,32,0.014160329999867827,"[0, 0, 0, 0]",geometric,100,0.99,0.001,99.98576940541567,100,512
32,0.0,64,0.017671706998953596,"[0, 0, 0, 0]",geometric,100,0.99,0.001,99.98224091806726,100,512
64,7.5,128,0.02359046699712053,"[1, 1, 0, 0]",geometric,100,0.99,0.001,99.97629359878528,100,512
128,0.0,255,0.03166678998968564,"[1, 1, 1, 0]",geometric,100,0.99,0.001,99.96817887651395,100,512
256,10.0,484,0.047812048986088485,"[1, 0, 1, 0]",geometric,100,0.99,0.001,99.95195882845262,100,512
512,7.5,804,0.08912281200173311,"[1, 1, 0, 0]",geometric,100,0.99,0.001,99.9104686839386,100,512
0,0.0,0,8.030000026337802e-05,"[0, 0, 1, 1]",geometric,200,0.99,0.001,199.9998385916708,200,512
1,0.0,2,0.0028022840269841254,"[1, 0, 1, 1]",geometric,200,0.99,0.001,199.99436730019414,200,512
2,0.0,4,0.005488061025971547,"[1, 1, 1, 1]",geometric,200,0.99,0.001,199.98896893292317,200,512
4,0.0,8,0.008705002022907138,"[1, 0, 0, 1]",geometric,200,0.99,0.001,199.98250312660898,200,512
8,0.0,16,0.012255945999640971,"[0, 1, 1, 0]",geometric,200,0.99,0.001,199.97536624247985,200,512
16,0.0,32,0.015516436018515378,"[0, 0, 0, 0]",geometric,200,0.99,0.001,199.96881335312307,200,512
32,0.0,64,0.019160331023158506,"[0, 0, 0, 0]",geometric,200,0.99,0.001,199.96149015562688,200,512
64,7.5,128,0.023937848018249497,"[1, 1, 0, 0]",geometric,200,0.99,0.001,199.951889105135,200,512
128,10.0,256,0.03283614001702517,"[1, 0, 1, 0]",geometric,200,0.99,0.001,199.93400804268083,200,512
256,10.0,501,0.04921986101544462,"[0, 0, 0, 1]",geometric,200,0.99,0.001,199.90108923963967,200,512
512,10.0,858,0.09006758400937542,"[1, 0, 1, 0]",geometric,200,0.99,0.001,199.8190400219379,200,512
0,0.0,0,0.00012748100562021136,"[0, 0, 1, 1]",geometric,250,0.99,0.001,249.99967969347483,250,512
1,0.0,2,0.003935725020710379,"[1, 0, 1, 1]",geometric,250,0.99,0.001,249.99011135600443,250,512
2,0.0,4,0.007336740003665909,"[1, 1, 1, 1]",geometric,250,0.99,0.001,249.98156650434427,250,512
4,0.0,8,0.010637867002515122,"[1, 0, 0, 1]",geometric,250,0.99,0.001,249.9732728947431,250,512
8,0.0,16,0.014162277017021552,"[0, 1, 1, 0]",geometric,250,0.99,0.001,249.96441862219132,250,512
16,0.0,32,0.018583969998871908,"[0, 0, 0, 0]",geometric,250,0.99,0.001,249.95331057535265,250,512
32,0.0,64,0.02287956399959512,"[0, 0, 0, 0]",geometric,250,0.99,0.001,249.94251978336925,250,512
64,7.5,128,0.028096398018533364,"[1, 1, 0, 0]",geometric,250,0.99,0.001,249.92941540715546,250,512
128,10.0,256,0.03657364100217819,"[1, 0, 1, 0]",geometric,250,0.99,0.001,249.90812254320738,250,512
256,0.0,504,0.05300577901653014,"[0, 0, 0, 0]",geometric,250,0.99,0.001,249.86685399798637,250,512
512,10.0,890,0.09411732101580128,"[1, 0, 1, 0]",geometric,250,0.99,0.001,249.76363413666178,250,512
