Iteration,Fitness,FEvals,Time,State,Restarts,max_iters,current_restart
0,0.0,0,9.552598930895329e-05,"[0, 1, 1, 0]",5,512,0
1,5.0,2,0.0008922639826778322,"[0, 1, 0, 0]",5,512,0
2,5.0,3,0.0016108099953271449,"[0, 1, 0, 0]",5,512,0
4,5.0,5,0.0024055859830696136,"[0, 1, 0, 0]",5,512,0
8,7.5,10,0.003241964994231239,"[1, 1, 0, 0]",5,512,0
16,7.5,18,0.004226388991810381,"[1, 1, 0, 0]",5,512,0
32,7.5,34,0.0055421459837816656,"[1, 1, 0, 0]",5,512,0
64,7.5,66,0.007778092985972762,"[1, 1, 0, 0]",5,512,0
128,7.5,130,0.01218335100566037,"[1, 1, 0, 0]",5,512,0
256,7.5,258,0.02338241398683749,"[1, 1, 0, 0]",5,512,0
512,7.5,507,0.055602362990612164,"[1, 1, 0, 0]",5,512,0
0,0.0,507,0.057449237996479496,"[1, 0, 1, 1]",5,512,1
1,0.0,508,0.05888217699248344,"[1, 0, 1, 1]",5,512,1
2,0.0,509,0.060337320988764986,"[1, 0, 1, 1]",5,512,1
4,0.0,511,0.06195139299961738,"[1, 0, 1, 1]",5,512,1
8,10.0,516,0.06390650998218916,"[1, 0, 1, 0]",5,512,1
16,10.0,524,0.06777028800570406,"[1, 0, 1, 0]",5,512,1
32,10.0,540,0.07331903200247325,"[1, 0, 1, 0]",5,512,1
64,10.0,572,0.0813787849911023,"[1, 0, 1, 0]",5,512,1
128,10.0,636,0.0945292729884386,"[1, 0, 1, 0]",5,512,1
256,10.0,764,0.1220054839795921,"[1, 0, 1, 0]",5,512,1
512,10.0,1013,0.18661052198149264,"[1, 0, 1, 0]",5,512,1
0,0.0,1013,0.1893061199807562,"[1, 1, 1, 1]",5,512,2
1,0.0,1014,0.19181820799713023,"[1, 1, 1, 1]",5,512,2
2,0.0,1015,0.19443504299852066,"[1, 1, 1, 1]",5,512,2
4,0.0,1017,0.19711641100002453,"[1, 1, 1, 1]",5,512,2
8,0.0,1021,0.20028485599323176,"[1, 1, 1, 1]",5,512,2
16,0.0,1029,0.20469236199278384,"[1, 1, 1, 1]",5,512,2
32,0.0,1045,0.21156341599998996,"[1, 1, 1, 1]",5,512,2
64,0.0,1077,0.22421030898112804,"[1, 1, 1, 1]",5,512,2
128,0.0,1141,0.24914523898041807,"[1, 1, 1, 1]",5,512,2
256,0.0,1269,0.2954304029990453,"[1, 1, 1, 1]",5,512,2
512,0.0,1513,0.39285831098095514,"[1, 1, 1, 1]",5,512,2
0,10.0,1513,0.39597587200114504,"[1, 0, 1, 0]",5,512,3
1,10.0,1514,0.399206622998463,"[1, 0, 1, 0]",5,512,3
2,10.0,1515,0.40265266998903826,"[1, 0, 1, 0]",5,512,3
4,10.0,1517,0.4063133409945294,"[1, 0, 1, 0]",5,512,3
8,10.0,1521,0.41068682898185216,"[1, 0, 1, 0]",5,512,3
16,10.0,1529,0.41692463197978213,"[1, 0, 1, 0]",5,512,3
32,10.0,1545,0.42652268399251625,"[1, 0, 1, 0]",5,512,3
64,10.0,1577,0.4432001789973583,"[1, 0, 1, 0]",5,512,3
128,10.0,1641,0.4746953419817146,"[1, 0, 1, 0]",5,512,3
256,10.0,1769,0.5372963699919637,"[1, 0, 1, 0]",5,512,3
512,10.0,2013,0.6656604419986252,"[1, 0, 1, 0]",5,512,3
0,0.0,2013,0.6695567109854892,"[1, 1, 1, 0]",5,512,4
1,0.0,2014,0.6736615769914351,"[1, 1, 1, 0]",5,512,4
2,7.5,2016,0.6781746089982335,"[1, 1, 0, 0]",5,512,4
4,7.5,2018,0.6828213910048362,"[1, 1, 0, 0]",5,512,4
8,7.5,2022,0.6887036059924867,"[1, 1, 0, 0]",5,512,4
16,7.5,2030,0.6967143100046087,"[1, 1, 0, 0]",5,512,4
32,7.5,2046,0.7090917429886758,"[1, 1, 0, 0]",5,512,4
64,7.5,2078,0.7307442830060609,"[1, 1, 0, 0]",5,512,4
128,7.5,2142,0.7714768659789115,"[1, 1, 0, 0]",5,512,4
256,7.5,2270,0.8518026349775027,"[1, 1, 0, 0]",5,512,4
512,7.5,2516,1.01185703498777,"[1, 1, 0, 0]",5,512,4
0,10.0,2516,1.0166093919833656,"[1, 0, 1, 0]",5,512,5
1,10.0,2517,1.0211972089891788,"[1, 0, 1, 0]",5,512,5
2,10.0,2518,1.026111982006114,"[1, 0, 1, 0]",5,512,5
4,10.0,2520,1.0316811119846534,"[1, 0, 1, 0]",5,512,5
8,10.0,2524,1.0382873479975387,"[1, 0, 1, 0]",5,512,5
16,10.0,2532,1.0478372639918234,"[1, 0, 1, 0]",5,512,5
32,10.0,2548,1.0627682819904294,"[1, 0, 1, 0]",5,512,5
64,10.0,2580,1.0894385659776162,"[1, 0, 1, 0]",5,512,5
128,10.0,2644,1.1387941099819727,"[1, 0, 1, 0]",5,512,5
256,10.0,2772,1.237879914988298,"[1, 0, 1, 0]",5,512,5
512,10.0,3016,1.4339819449814968,"[1, 0, 1, 0]",5,512,5
0,0.0,0,0.00010191599722020328,"[0, 1, 1, 0]",10,512,0
1,5.0,2,0.004849929973715916,"[0, 1, 0, 0]",10,512,0
2,5.0,3,0.009665189980296418,"[0, 1, 0, 0]",10,512,0
4,5.0,5,0.01458587497472763,"[0, 1, 0, 0]",10,512,0
8,7.5,10,0.019549889984773472,"[1, 1, 0, 0]",10,512,0
16,7.5,18,0.024741109984461218,"[1, 1, 0, 0]",10,512,0
32,7.5,34,0.03023157999268733,"[1, 1, 0, 0]",10,512,0
64,7.5,66,0.036577822000253946,"[1, 1, 0, 0]",10,512,0
128,7.5,130,0.045262134983204305,"[1, 1, 0, 0]",10,512,0
256,7.5,258,0.06041685098898597,"[1, 1, 0, 0]",10,512,0
512,7.5,507,0.09785782199469395,"[1, 1, 0, 0]",10,512,0
0,0.0,507,0.10383787099272013,"[1, 0, 1, 1]",10,512,1
1,0.0,508,0.10951354197459295,"[1, 0, 1, 1]",10,512,1
2,0.0,509,0.11493885397794656,"[1, 0, 1, 1]",10,512,1
4,0.0,511,0.12081398197915405,"[1, 0, 1, 1]",10,512,1
8,10.0,516,0.12706974198226817,"[1, 0, 1, 0]",10,512,1
16,10.0,524,0.13375647499924526,"[1, 0, 1, 0]",10,512,1
32,10.0,540,0.14178697997704148,"[1, 0, 1, 0]",10,512,1
64,10.0,572,0.1527791819826234,"[1, 0, 1, 0]",10,512,1
128,10.0,636,0.17025073198601604,"[1, 0, 1, 0]",10,512,1
256,10.0,764,0.2026392580009997,"[1, 0, 1, 0]",10,512,1
512,10.0,1013,0.2729381779790856,"[1, 0, 1, 0]",10,512,1
0,0.0,1013,0.27949910299503244,"[1, 1, 1, 1]",10,512,2
1,0.0,1014,0.28590582800097764,"[1, 1, 1, 1]",10,512,2
2,0.0,1015,0.29227129099308513,"[1, 1, 1, 1]",10,512,2
4,0.0,1017,0.2989747629908379,"[1, 1, 1, 1]",10,512,2
8,0.0,1021,0.306449880998116,"[1, 1, 1, 1]",10,512,2
16,0.0,1029,0.3149267149856314,"[1, 1, 1, 1]",10,512,2
32,0.0,1045,0.3258726869826205,"[1, 1, 1, 1]",10,512,2
64,0.0,1077,0.3417733969981782,"[1, 1, 1, 1]",10,512,2
128,0.0,1141,0.3683111749996897,"[1, 1, 1, 1]",10,512,2
256,0.0,1269,0.41821062099188566,"[1, 1, 1, 1]",10,512,2
512,0.0,1513,0.5183223889907822,"[1, 1, 1, 1]",10,512,2
0,10.0,1513,0.5255541269725654,"[1, 0, 1, 0]",10,512,3
1,10.0,1514,0.5328991139831487,"[1, 0, 1, 0]",10,512,3
2,10.0,1515,0.540141749981558,"[1, 0, 1, 0]",10,512,3
4,10.0,1517,0.5477772019803524,"[1, 0, 1, 0]",10,512,3
8,10.0,1521,0.5565707909991033,"[1, 0, 1, 0]",10,512,3
16,10.0,1529,0.5666763269982766,"[1, 0, 1, 0]",10,512,3
32,10.0,1545,0.5800705539877526,"[1, 0, 1, 0]",10,512,3
64,10.0,1577,0.6008025409828406,"[1, 0, 1, 0]",10,512,3
128,10.0,1641,0.6356214069819544,"[1, 0, 1, 0]",10,512,3
256,10.0,1769,0.7014281319861766,"[1, 0, 1, 0]",10,512,3
512,10.0,2013,0.8370835440000519,"[1, 0, 1, 0]",10,512,3
0,0.0,2013,0.845480650983518,"[1, 1, 1, 0]",10,512,4
1,0.0,2014,0.853787456988357,"[1, 1, 1, 0]",10,512,4
2,7.5,2016,0.862272430997109,"[1, 1, 0, 0]",10,512,4
4,7.5,2018,0.8710913769900799,"[1, 1, 0, 0]",10,512,4
8,7.5,2022,0.8814470219949726,"[1, 1, 0, 0]",10,512,4
16,7.5,2030,0.8945728940016124,"[1, 1, 0, 0]",10,512,4
32,7.5,2046,0.9111647459794767,"[1, 1, 0, 0]",10,512,4
64,7.5,2078,0.9376531669986434,"[1, 1, 0, 0]",10,512,4
128,7.5,2142,0.9824879489897285,"[1, 1, 0, 0]",10,512,4
256,7.5,2270,1.0681505699758418,"[1, 1, 0, 0]",10,512,4
512,7.5,2516,1.231908242974896,"[1, 1, 0, 0]",10,512,4
0,10.0,2516,1.240603050973732,"[1, 0, 1, 0]",10,512,5
1,10.0,2517,1.249231169000268,"[1, 0, 1, 0]",10,512,5
2,10.0,2518,1.2585450319747906,"[1, 0, 1, 0]",10,512,5
4,10.0,2520,1.2685278879944235,"[1, 0, 1, 0]",10,512,5
8,10.0,2524,1.2795639079995453,"[1, 0, 1, 0]",10,512,5
16,10.0,2532,1.2943731579871383,"[1, 0, 1, 0]",10,512,5
32,10.0,2548,1.3141703059955034,"[1, 0, 1, 0]",10,512,5
64,10.0,2580,1.3450149729906116,"[1, 0, 1, 0]",10,512,5
128,10.0,2644,1.3996836209844332,"[1, 0, 1, 0]",10,512,5
256,10.0,2772,1.50289489197894,"[1, 0, 1, 0]",10,512,5
512,10.0,3016,1.7041459869942628,"[1, 0, 1, 0]",10,512,5
0,0.0,3016,1.7139365949842613,"[1, 1, 1, 1]",10,512,6
1,0.0,3017,1.7239633969729766,"[1, 1, 1, 1]",10,512,6
2,0.0,3018,1.73396552898339,"[1, 1, 1, 1]",10,512,6
4,0.0,3020,1.744808365998324,"[1, 1, 1, 1]",10,512,6
8,0.0,3024,1.7574445239733905,"[1, 1, 1, 1]",10,512,6
16,0.0,3032,1.7733593629964162,"[1, 1, 1, 1]",10,512,6
32,0.0,3048,1.7957012209808454,"[1, 1, 1, 1]",10,512,6
64,0.0,3080,1.8312900019809604,"[1, 1, 1, 1]",10,512,6
128,0.0,3144,1.8948109009943437,"[1, 1, 1, 1]",10,512,6
256,0.0,3272,2.015900600992609,"[1, 1, 1, 1]",10,512,6
512,0.0,3516,2.246466711978428,"[1, 1, 1, 1]",10,512,6
0,0.0,3516,2.256662765983492,"[1, 0, 1, 1]",10,512,7
1,0.0,3517,2.2673568099853583,"[1, 0, 1, 1]",10,512,7
2,0.0,3518,2.2776983939984348,"[1, 0, 1, 1]",10,512,7
4,10.0,3521,2.289395820989739,"[1, 0, 1, 0]",10,512,7
8,10.0,3525,2.302751424984308,"[1, 0, 1, 0]",10,512,7
16,10.0,3533,2.319924674986396,"[1, 0, 1, 0]",10,512,7
32,10.0,3549,2.344472244993085,"[1, 0, 1, 0]",10,512,7
64,10.0,3581,2.384469888987951,"[1, 0, 1, 0]",10,512,7
128,10.0,3645,2.455460683995625,"[1, 0, 1, 0]",10,512,7
256,10.0,3773,2.5952187509974465,"[1, 0, 1, 0]",10,512,7
512,10.0,4020,2.870730028982507,"[1, 0, 1, 0]",10,512,7
0,0.0,4020,2.881844111980172,"[1, 0, 0, 1]",10,512,8
1,2.5,4022,2.894354491989361,"[1, 0, 0, 0]",10,512,8
2,7.5,4024,2.9059697490010876,"[1, 1, 0, 0]",10,512,8
4,7.5,4026,2.9188144099898636,"[1, 1, 0, 0]",10,512,8
8,7.5,4030,2.934094158001244,"[1, 1, 0, 0]",10,512,8
16,7.5,4038,2.954202193999663,"[1, 1, 0, 0]",10,512,8
32,7.5,4054,2.9818114819936454,"[1, 1, 0, 0]",10,512,8
64,7.5,4086,3.0266454969823826,"[1, 1, 0, 0]",10,512,8
128,7.5,4150,3.1069883719901554,"[1, 1, 0, 0]",10,512,8
256,7.5,4278,3.2656696299964096,"[1, 1, 0, 0]",10,512,8
512,7.5,4524,3.574966444983147,"[1, 1, 0, 0]",10,512,8
0,0.0,4524,3.586588373989798,"[1, 0, 0, 1]",10,512,9
1,10.0,4526,3.5989304120012093,"[0, 0, 0, 1]",10,512,9
2,10.0,4527,3.611524556996301,"[0, 0, 0, 1]",10,512,9
4,10.0,4529,3.625422440993134,"[0, 0, 0, 1]",10,512,9
8,10.0,4533,3.6420961869880557,"[0, 0, 0, 1]",10,512,9
16,10.0,4541,3.6634278779965825,"[0, 0, 0, 1]",10,512,9
32,10.0,4557,3.6951676689786837,"[0, 0, 0, 1]",10,512,9
64,10.0,4589,3.7461155299970414,"[0, 0, 0, 1]",10,512,9
128,10.0,4653,3.8468353299831506,"[0, 0, 0, 1]",10,512,9
256,10.0,4781,4.022229961992707,"[0, 0, 0, 1]",10,512,9
512,10.0,5026,4.362868072988931,"[0, 0, 0, 1]",10,512,9
0,0.0,5026,4.375404883990996,"[0, 0, 1, 1]",10,512,10
1,0.0,5027,4.38902516500093,"[0, 0, 1, 1]",10,512,10
2,0.0,5028,4.4027775099966675,"[0, 0, 1, 1]",10,512,10
4,10.0,5032,4.417647771973861,"[1, 0, 1, 0]",10,512,10
8,10.0,5036,4.435165192000568,"[1, 0, 1, 0]",10,512,10
16,10.0,5044,4.459097863000352,"[1, 0, 1, 0]",10,512,10
32,10.0,5060,4.492302844999358,"[1, 0, 1, 0]",10,512,10
64,10.0,5092,4.547142855997663,"[1, 0, 1, 0]",10,512,10
128,10.0,5156,4.646728465973865,"[1, 0, 1, 0]",10,512,10
256,10.0,5284,4.842520199978026,"[1, 0, 1, 0]",10,512,10
512,10.0,5532,5.223111049999716,"[1, 0, 1, 0]",10,512,10
0,0.0,0,9.677000343799591e-05,"[0, 1, 1, 0]",15,512,0
1,5.0,2,0.012831405008910224,"[0, 1, 0, 0]",15,512,0
2,5.0,3,0.025730332999955863,"[0, 1, 0, 0]",15,512,0
4,5.0,5,0.03843291298835538,"[0, 1, 0, 0]",15,512,0
8,7.5,10,0.05150460099685006,"[1, 1, 0, 0]",15,512,0
16,7.5,18,0.06484167199232616,"[1, 1, 0, 0]",15,512,0
32,7.5,34,0.07796581400907598,"[1, 1, 0, 0]",15,512,0
64,7.5,66,0.09183599599055015,"[1, 1, 0, 0]",15,512,0
128,7.5,130,0.10773021201021038,"[1, 1, 0, 0]",15,512,0
256,7.5,258,0.13068927900167182,"[1, 1, 0, 0]",15,512,0
512,7.5,507,0.1750117329938803,"[1, 1, 0, 0]",15,512,0
0,0.0,507,0.18835680800839327,"[1, 0, 1, 1]",15,512,1
1,0.0,508,0.20145757199497893,"[1, 0, 1, 1]",15,512,1
2,0.0,509,0.21471536401077174,"[1, 0, 1, 1]",15,512,1
4,0.0,511,0.22813769298954867,"[1, 0, 1, 1]",15,512,1
8,10.0,516,0.24172153198742308,"[1, 0, 1, 0]",15,512,1
16,10.0,524,0.2560161169967614,"[1, 0, 1, 0]",15,512,1
32,10.0,540,0.27193983100005426,"[1, 0, 1, 0]",15,512,1
64,10.0,572,0.2903437819913961,"[1, 0, 1, 0]",15,512,1
128,10.0,636,0.3153154560131952,"[1, 0, 1, 0]",15,512,1
256,10.0,764,0.3556068530015182,"[1, 0, 1, 0]",15,512,1
512,10.0,1013,0.4332426479959395,"[1, 0, 1, 0]",15,512,1
0,0.0,1013,0.4470660939987283,"[1, 1, 1, 1]",15,512,2
1,0.0,1014,0.46098192100180313,"[1, 1, 1, 1]",15,512,2
2,0.0,1015,0.47486351401312277,"[1, 1, 1, 1]",15,512,2
4,0.0,1017,0.48905686000944115,"[1, 1, 1, 1]",15,512,2
8,0.0,1021,0.5040866500057746,"[1, 1, 1, 1]",15,512,2
16,0.0,1029,0.5203999239893164,"[1, 1, 1, 1]",15,512,2
32,0.0,1045,0.5391099939879496,"[1, 1, 1, 1]",15,512,2
64,0.0,1077,0.5626882810029201,"[1, 1, 1, 1]",15,512,2
128,0.0,1141,0.596652725012973,"[1, 1, 1, 1]",15,512,2
256,0.0,1269,0.6537085559975822,"[1, 1, 1, 1]",15,512,2
512,0.0,1513,0.7612488570157439,"[1, 1, 1, 1]",15,512,2
0,10.0,1513,0.7759615510003641,"[1, 0, 1, 0]",15,512,3
1,10.0,1514,0.7909694479894824,"[1, 0, 1, 0]",15,512,3
2,10.0,1515,0.8059596809907816,"[1, 0, 1, 0]",15,512,3
4,10.0,1517,0.8215024890087079,"[1, 0, 1, 0]",15,512,3
8,10.0,1521,0.8375701649929397,"[1, 0, 1, 0]",15,512,3
16,10.0,1529,0.8553340100042988,"[1, 0, 1, 0]",15,512,3
32,10.0,1545,0.8765763379924465,"[1, 0, 1, 0]",15,512,3
64,10.0,1577,0.9047278660000302,"[1, 0, 1, 0]",15,512,3
128,10.0,1641,0.9481031119939871,"[1, 0, 1, 0]",15,512,3
256,10.0,1769,1.0223100039875135,"[1, 0, 1, 0]",15,512,3
512,10.0,2013,1.1621474029961973,"[1, 0, 1, 0]",15,512,3
0,0.0,2013,1.1780053330003284,"[1, 1, 1, 0]",15,512,4
1,0.0,2014,1.1941878469951916,"[1, 1, 1, 0]",15,512,4
2,7.5,2016,1.210521533008432,"[1, 1, 0, 0]",15,512,4
4,7.5,2018,1.2275645589979831,"[1, 1, 0, 0]",15,512,4
8,7.5,2022,1.245271119987592,"[1, 1, 0, 0]",15,512,4
16,7.5,2030,1.2647159679909237,"[1, 1, 0, 0]",15,512,4
32,7.5,2046,1.288735425012419,"[1, 1, 0, 0]",15,512,4
64,7.5,2078,1.321857809991343,"[1, 1, 0, 0]",15,512,4
128,7.5,2142,1.373405234015081,"[1, 1, 0, 0]",15,512,4
256,7.5,2270,1.4646341330080759,"[1, 1, 0, 0]",15,512,4
512,7.5,2516,1.6447762770112604,"[1, 1, 0, 0]",15,512,4
0,10.0,2516,1.6612668620073237,"[1, 0, 1, 0]",15,512,5
1,10.0,2517,1.6781357169966213,"[1, 0, 1, 0]",15,512,5
2,10.0,2518,1.6951415050134528,"[1, 0, 1, 0]",15,512,5
4,10.0,2520,1.7128332320135087,"[1, 0, 1, 0]",15,512,5
8,10.0,2524,1.732087134005269,"[1, 0, 1, 0]",15,512,5
16,10.0,2532,1.7542213390115649,"[1, 0, 1, 0]",15,512,5
32,10.0,2548,1.7817626580072101,"[1, 0, 1, 0]",15,512,5
64,10.0,2580,1.8199822349997703,"[1, 0, 1, 0]",15,512,5
128,10.0,2644,1.8802430829964578,"[1, 0, 1, 0]",15,512,5
256,10.0,2772,1.988199571002042,"[1, 0, 1, 0]",15,512,5
512,10.0,3016,2.2000977949937806,"[1, 0, 1, 0]",15,512,5
0,0.0,3016,2.2179423900088295,"[1, 1, 1, 1]",15,512,6
1,0.0,3017,2.2356257819919847,"[1, 1, 1, 1]",15,512,6
2,0.0,3018,2.253223006002372,"[1, 1, 1, 1]",15,512,6
4,0.0,3020,2.2720001520065125,"[1, 1, 1, 1]",15,512,6
8,0.0,3024,2.2923213439935353,"[1, 1, 1, 1]",15,512,6
16,0.0,3032,2.3161137269926257,"[1, 1, 1, 1]",15,512,6
32,0.0,3048,2.3455627629882656,"[1, 1, 1, 1]",15,512,6
64,0.0,3080,2.3879183089884464,"[1, 1, 1, 1]",15,512,6
128,0.0,3144,2.4576675730058923,"[1, 1, 1, 1]",15,512,6
256,0.0,3272,2.585671315988293,"[1, 1, 1, 1]",15,512,6
512,0.0,3516,2.832019669993315,"[1, 1, 1, 1]",15,512,6
0,0.0,3516,2.850008898996748,"[1, 0, 1, 1]",15,512,7
1,0.0,3517,2.8687331099936273,"[1, 0, 1, 1]",15,512,7
2,0.0,3518,2.88780581500032,"[1, 0, 1, 1]",15,512,7
4,10.0,3521,2.907631450012559,"[1, 0, 1, 0]",15,512,7
8,10.0,3525,2.9298445509921294,"[1, 0, 1, 0]",15,512,7
16,10.0,3533,2.955558017012663,"[1, 0, 1, 0]",15,512,7
32,10.0,3549,2.988534125004662,"[1, 0, 1, 0]",15,512,7
64,10.0,3581,3.0379625300120097,"[1, 0, 1, 0]",15,512,7
128,10.0,3645,3.118446957989363,"[1, 0, 1, 0]",15,512,7
256,10.0,3773,3.2623284489964135,"[1, 0, 1, 0]",15,512,7
512,10.0,4020,3.548879542009672,"[1, 0, 1, 0]",15,512,7
0,0.0,4020,3.5677011880034115,"[1, 0, 0, 1]",15,512,8
1,2.5,4022,3.58722677899641,"[1, 0, 0, 0]",15,512,8
2,7.5,4024,3.608267261995934,"[1, 1, 0, 0]",15,512,8
4,7.5,4026,3.629664028994739,"[1, 1, 0, 0]",15,512,8
8,7.5,4030,3.6536118590156548,"[1, 1, 0, 0]",15,512,8
16,7.5,4038,3.681238649005536,"[1, 1, 0, 0]",15,512,8
32,7.5,4054,3.7181007899926044,"[1, 1, 0, 0]",15,512,8
64,7.5,4086,3.7721707549935672,"[1, 1, 0, 0]",15,512,8
128,7.5,4150,3.862738026014995,"[1, 1, 0, 0]",15,512,8
256,7.5,4278,4.030967258004239,"[1, 1, 0, 0]",15,512,8
512,7.5,4524,4.341897192993201,"[1, 1, 0, 0]",15,512,8
0,0.0,4524,4.360955112002557,"[1, 0, 0, 1]",15,512,9
1,10.0,4526,4.38098426500801,"[0, 0, 0, 1]",15,512,9
2,10.0,4527,4.401047084014863,"[0, 0, 0, 1]",15,512,9
4,10.0,4529,4.422092202992644,"[0, 0, 0, 1]",15,512,9
8,10.0,4533,4.445654974988429,"[0, 0, 0, 1]",15,512,9
16,10.0,4541,4.47486747399671,"[0, 0, 0, 1]",15,512,9
32,10.0,4557,4.513757698005065,"[0, 0, 0, 1]",15,512,9
64,10.0,4589,4.575179806997767,"[0, 0, 0, 1]",15,512,9
128,10.0,4653,4.677553891990101,"[0, 0, 0, 1]",15,512,9
256,10.0,4781,4.860973356000613,"[0, 0, 0, 1]",15,512,9
512,10.0,5026,5.211336750013288,"[0, 0, 0, 1]",15,512,9
0,0.0,5026,5.2323315080138855,"[0, 0, 1, 1]",15,512,10
1,0.0,5027,5.253564645012375,"[0, 0, 1, 1]",15,512,10
2,0.0,5028,5.274427714000922,"[0, 0, 1, 1]",15,512,10
4,10.0,5032,5.296557672001654,"[1, 0, 1, 0]",15,512,10
8,10.0,5036,5.323253050009953,"[1, 0, 1, 0]",15,512,10
16,10.0,5044,5.353468688990688,"[1, 0, 1, 0]",15,512,10
32,10.0,5060,5.39510400799918,"[1, 0, 1, 0]",15,512,10
64,10.0,5092,5.45965186599642,"[1, 0, 1, 0]",15,512,10
128,10.0,5156,5.566896144009661,"[1, 0, 1, 0]",15,512,10
256,10.0,5284,5.784380327997496,"[1, 0, 1, 0]",15,512,10
512,10.0,5532,6.172679693001555,"[1, 0, 1, 0]",15,512,10
0,0.0,5532,6.193531716009602,"[0, 0, 1, 1]",15,512,11
1,10.0,5534,6.216017772996565,"[0, 0, 0, 1]",15,512,11
2,10.0,5535,6.238470259995665,"[0, 0, 0, 1]",15,512,11
4,10.0,5537,6.2624564350117,"[0, 0, 0, 1]",15,512,11
8,10.0,5541,6.288936491997447,"[0, 0, 0, 1]",15,512,11
16,10.0,5549,6.322085074003553,"[0, 0, 0, 1]",15,512,11
32,10.0,5565,6.3680945269879885,"[0, 0, 0, 1]",15,512,11
64,10.0,5597,6.438064529007534,"[0, 0, 0, 1]",15,512,11
128,10.0,5661,6.554222631006269,"[0, 0, 0, 1]",15,512,11
256,10.0,5789,6.775085556990234,"[0, 0, 0, 1]",15,512,11
512,10.0,6034,7.19528928300133,"[0, 0, 0, 1]",15,512,11
0,2.5,6034,7.216866695001954,"[1, 0, 0, 0]",15,512,12
1,2.5,6035,7.239746198989451,"[1, 0, 0, 0]",15,512,12
2,2.5,6036,7.262486374005675,"[1, 0, 0, 0]",15,512,12
4,2.5,6038,7.286927451001247,"[1, 0, 0, 0]",15,512,12
8,7.5,6043,7.31482064499869,"[1, 1, 0, 0]",15,512,12
16,7.5,6051,7.348874060990056,"[1, 1, 0, 0]",15,512,12
32,7.5,6067,7.396403173013823,"[1, 1, 0, 0]",15,512,12
64,7.5,6099,7.470177882001735,"[1, 1, 0, 0]",15,512,12
128,7.5,6163,7.602001282008132,"[1, 1, 0, 0]",15,512,12
256,7.5,6291,7.847619898995617,"[1, 1, 0, 0]",15,512,12
512,7.5,6540,8.309051940013887,"[1, 1, 0, 0]",15,512,12
0,7.5,6540,8.33079520901083,"[0, 0, 1, 0]",15,512,13
1,7.5,6541,8.354766864998965,"[0, 0, 1, 0]",15,512,13
2,7.5,6542,8.378070417995332,"[0, 0, 1, 0]",15,512,13
4,7.5,6544,8.404076945997076,"[0, 0, 1, 0]",15,512,13
8,10.0,6549,8.433035883004777,"[1, 0, 1, 0]",15,512,13
16,10.0,6557,8.469264112005476,"[1, 0, 1, 0]",15,512,13
32,10.0,6573,8.519816009007627,"[1, 0, 1, 0]",15,512,13
64,10.0,6605,8.602450031990884,"[1, 0, 1, 0]",15,512,13
128,10.0,6669,8.74681240299833,"[1, 0, 1, 0]",15,512,13
256,10.0,6797,9.084946691989899,"[1, 0, 1, 0]",15,512,13
512,10.0,7048,9.621553455013782,"[1, 0, 1, 0]",15,512,13
0,0.0,7048,9.645589727006154,"[0, 0, 1, 1]",15,512,14
1,7.5,7050,9.671531934000086,"[0, 0, 1, 0]",15,512,14
2,7.5,7051,9.695998729002895,"[0, 0, 1, 0]",15,512,14
4,10.0,7054,9.722299156012014,"[1, 0, 1, 0]",15,512,14
8,10.0,7058,9.755011166998884,"[1, 0, 1, 0]",15,512,14
16,10.0,7066,9.79351760999998,"[1, 0, 1, 0]",15,512,14
32,10.0,7082,9.849478018993977,"[1, 0, 1, 0]",15,512,14
64,10.0,7114,9.93888252301258,"[1, 0, 1, 0]",15,512,14
128,10.0,7178,10.09544483301579,"[1, 0, 1, 0]",15,512,14
256,10.0,7306,10.376889901002869,"[1, 0, 1, 0]",15,512,14
512,10.0,7554,10.923153301002458,"[1, 0, 1, 0]",15,512,14
0,7.5,7554,10.947167100006482,"[1, 1, 0, 0]",15,512,15
1,7.5,7555,10.9731169900042,"[1, 1, 0, 0]",15,512,15
2,7.5,7556,10.998515559011139,"[1, 1, 0, 0]",15,512,15
4,7.5,7558,11.027328613999998,"[1, 1, 0, 0]",15,512,15
8,7.5,7562,11.061516223999206,"[1, 1, 0, 0]",15,512,15
16,7.5,7570,11.103172653005458,"[1, 1, 0, 0]",15,512,15
32,7.5,7586,11.16500364599051,"[1, 1, 0, 0]",15,512,15
64,7.5,7618,11.259853308001766,"[1, 1, 0, 0]",15,512,15
128,7.5,7682,11.420632796012796,"[1, 1, 0, 0]",15,512,15
256,7.5,7810,11.730327611003304,"[1, 1, 0, 0]",15,512,15
512,7.5,8054,12.301146223006072,"[1, 1, 0, 0]",15,512,15
