Iteration,Fitness,FEvals,Time,State,Restarts,max_iters,current_restart
0,0.0,0,9.049297659657896e-05,"[0, 1, 1, 0]",5,512,0
1,5.0,2,0.0009516689751762897,"[0, 1, 0, 0]",5,512,0
2,5.0,3,0.0016628869925625622,"[0, 1, 0, 0]",5,512,0
4,5.0,5,0.0024171389814000577,"[0, 1, 0, 0]",5,512,0
8,7.5,10,0.0032478369830641896,"[1, 1, 0, 0]",5,512,0
16,7.5,18,0.004218932997900993,"[1, 1, 0, 0]",5,512,0
32,7.5,34,0.005529018002562225,"[1, 1, 0, 0]",5,512,0
64,7.5,66,0.007664974982617423,"[1, 1, 0, 0]",5,512,0
128,7.5,130,0.012269097991520539,"[1, 1, 0, 0]",5,512,0
256,7.5,258,0.02383608598029241,"[1, 1, 0, 0]",5,512,0
512,7.5,507,0.05701041198335588,"[1, 1, 0, 0]",5,512,0
0,0.0,507,0.058846732979873195,"[1, 0, 1, 1]",5,512,1
1,0.0,508,0.06037887200363912,"[1, 0, 1, 1]",5,512,1
2,0.0,509,0.06226342398440465,"[1, 0, 1, 1]",5,512,1
4,0.0,511,0.06406554198474623,"[1, 0, 1, 1]",5,512,1
8,10.0,516,0.0661360579833854,"[1, 0, 1, 0]",5,512,1
16,10.0,524,0.06903472199337557,"[1, 0, 1, 0]",5,512,1
32,10.0,540,0.07298260898096487,"[1, 0, 1, 0]",5,512,1
64,10.0,572,0.08030167798278853,"[1, 0, 1, 0]",5,512,1
128,10.0,636,0.09342945599928498,"[1, 0, 1, 0]",5,512,1
256,10.0,764,0.12150005999137647,"[1, 0, 1, 0]",5,512,1
512,10.0,1013,0.1881496059941128,"[1, 0, 1, 0]",5,512,1
0,0.0,1013,0.19069057700107805,"[1, 1, 1, 1]",5,512,2
1,0.0,1014,0.19296604697592556,"[1, 1, 1, 1]",5,512,2
2,0.0,1015,0.19539398400229402,"[1, 1, 1, 1]",5,512,2
4,0.0,1017,0.19808405300136656,"[1, 1, 1, 1]",5,512,2
8,0.0,1021,0.20146436098730192,"[1, 1, 1, 1]",5,512,2
16,0.0,1029,0.20585824098088779,"[1, 1, 1, 1]",5,512,2
32,0.0,1045,0.21269921399652958,"[1, 1, 1, 1]",5,512,2
64,0.0,1077,0.2254263649811037,"[1, 1, 1, 1]",5,512,2
128,0.0,1141,0.24913335099699907,"[1, 1, 1, 1]",5,512,2
256,0.0,1269,0.29555514600360766,"[1, 1, 1, 1]",5,512,2
512,0.0,1513,0.39406434999546036,"[1, 1, 1, 1]",5,512,2
0,10.0,1513,0.39745470698107965,"[1, 0, 1, 0]",5,512,3
1,10.0,1514,0.40073366300202906,"[1, 0, 1, 0]",5,512,3
2,10.0,1515,0.40386666599079035,"[1, 0, 1, 0]",5,512,3
4,10.0,1517,0.4072979479969945,"[1, 0, 1, 0]",5,512,3
8,10.0,1521,0.4117372259788681,"[1, 0, 1, 0]",5,512,3
16,10.0,1529,0.41805616600322537,"[1, 0, 1, 0]",5,512,3
32,10.0,1545,0.4277125169755891,"[1, 0, 1, 0]",5,512,3
64,10.0,1577,0.44510022198664956,"[1, 0, 1, 0]",5,512,3
128,10.0,1641,0.4766946109884884,"[1, 0, 1, 0]",5,512,3
256,10.0,1769,0.5398009329801425,"[1, 0, 1, 0]",5,512,3
512,10.0,2013,0.6669417649973184,"[1, 0, 1, 0]",5,512,3
0,0.0,2013,0.6708793689904269,"[1, 1, 1, 0]",5,512,4
1,0.0,2014,0.6746304139960557,"[1, 1, 1, 0]",5,512,4
2,7.5,2016,0.6784584179986268,"[1, 1, 0, 0]",5,512,4
4,7.5,2018,0.6832685019762721,"[1, 1, 0, 0]",5,512,4
8,7.5,2022,0.6888327779888641,"[1, 1, 0, 0]",5,512,4
16,7.5,2030,0.6964795029780362,"[1, 1, 0, 0]",5,512,4
32,7.5,2046,0.7087007599766366,"[1, 1, 0, 0]",5,512,4
64,7.5,2078,0.729777586995624,"[1, 1, 0, 0]",5,512,4
128,7.5,2142,0.7700090509897564,"[1, 1, 0, 0]",5,512,4
256,7.5,2270,0.8512831440020818,"[1, 1, 0, 0]",5,512,4
512,7.5,2516,1.0163972129812464,"[1, 1, 0, 0]",5,512,4
0,10.0,2516,1.021221640985459,"[1, 0, 1, 0]",5,512,5
1,10.0,2517,1.0259910939785186,"[1, 0, 1, 0]",5,512,5
2,10.0,2518,1.030918540986022,"[1, 0, 1, 0]",5,512,5
4,10.0,2520,1.0369066190032754,"[1, 0, 1, 0]",5,512,5
8,10.0,2524,1.0439682879950851,"[1, 0, 1, 0]",5,512,5
16,10.0,2532,1.0535839419753756,"[1, 0, 1, 0]",5,512,5
32,10.0,2548,1.0690112919837702,"[1, 0, 1, 0]",5,512,5
64,10.0,2580,1.0953960210026708,"[1, 0, 1, 0]",5,512,5
128,10.0,2644,1.1459715309902094,"[1, 0, 1, 0]",5,512,5
256,10.0,2772,1.2474404590029735,"[1, 0, 1, 0]",5,512,5
512,10.0,3016,1.4467583259975072,"[1, 0, 1, 0]",5,512,5
0,0.0,0,9.595399023965001e-05,"[0, 1, 1, 0]",10,512,0
1,5.0,2,0.004709271976025775,"[0, 1, 0, 0]",10,512,0
2,5.0,3,0.009232565993443131,"[0, 1, 0, 0]",10,512,0
4,5.0,5,0.014115327998297289,"[0, 1, 0, 0]",10,512,0
8,7.5,10,0.019615552999312058,"[1, 1, 0, 0]",10,512,0
16,7.5,18,0.024413826991803944,"[1, 1, 0, 0]",10,512,0
32,7.5,34,0.029793355002766475,"[1, 1, 0, 0]",10,512,0
64,7.5,66,0.0362200379895512,"[1, 1, 0, 0]",10,512,0
128,7.5,130,0.044620351982302964,"[1, 1, 0, 0]",10,512,0
256,7.5,258,0.06015266999020241,"[1, 1, 0, 0]",10,512,0
512,7.5,507,0.097673420998035,"[1, 1, 0, 0]",10,512,0
0,0.0,507,0.10342252999544144,"[1, 0, 1, 1]",10,512,1
1,0.0,508,0.10892463198979385,"[1, 0, 1, 1]",10,512,1
2,0.0,509,0.11453324998728931,"[1, 0, 1, 1]",10,512,1
4,0.0,511,0.12076445698039606,"[1, 0, 1, 1]",10,512,1
8,10.0,516,0.12681736500235274,"[1, 0, 1, 0]",10,512,1
16,10.0,524,0.1336131389834918,"[1, 0, 1, 0]",10,512,1
32,10.0,540,0.14146453098510392,"[1, 0, 1, 0]",10,512,1
64,10.0,572,0.15256732699344866,"[1, 0, 1, 0]",10,512,1
128,10.0,636,0.1696902589756064,"[1, 0, 1, 0]",10,512,1
256,10.0,764,0.2020794229756575,"[1, 0, 1, 0]",10,512,1
512,10.0,1013,0.271241843001917,"[1, 0, 1, 0]",10,512,1
0,0.0,1013,0.2776367029873654,"[1, 1, 1, 1]",10,512,2
1,0.0,1014,0.28428787799202837,"[1, 1, 1, 1]",10,512,2
2,0.0,1015,0.2907519610016607,"[1, 1, 1, 1]",10,512,2
4,0.0,1017,0.29743160199723206,"[1, 1, 1, 1]",10,512,2
8,0.0,1021,0.30453242899966426,"[1, 1, 1, 1]",10,512,2
16,0.0,1029,0.3128141679917462,"[1, 1, 1, 1]",10,512,2
32,0.0,1045,0.32385669500217773,"[1, 1, 1, 1]",10,512,2
64,0.0,1077,0.3395396370033268,"[1, 1, 1, 1]",10,512,2
128,0.0,1141,0.3662134439800866,"[1, 1, 1, 1]",10,512,2
256,0.0,1269,0.4171775709837675,"[1, 1, 1, 1]",10,512,2
512,0.0,1513,0.5203128129942343,"[1, 1, 1, 1]",10,512,2
0,10.0,1513,0.5276643520046491,"[1, 0, 1, 0]",10,512,3
1,10.0,1514,0.5350576030032244,"[1, 0, 1, 0]",10,512,3
2,10.0,1515,0.541989659977844,"[1, 0, 1, 0]",10,512,3
4,10.0,1517,0.5500857019796968,"[1, 0, 1, 0]",10,512,3
8,10.0,1521,0.5581857279757969,"[1, 0, 1, 0]",10,512,3
16,10.0,1529,0.5692886429897044,"[1, 0, 1, 0]",10,512,3
32,10.0,1545,0.5835875579796266,"[1, 0, 1, 0]",10,512,3
64,10.0,1577,0.6042290329933167,"[1, 0, 1, 0]",10,512,3
128,10.0,1641,0.6415223779913504,"[1, 0, 1, 0]",10,512,3
256,10.0,1769,0.712314267992042,"[1, 0, 1, 0]",10,512,3
512,10.0,2013,0.8492760049994104,"[1, 0, 1, 0]",10,512,3
0,0.0,2013,0.8572735209891107,"[1, 1, 1, 0]",10,512,4
1,0.0,2014,0.8655965880025178,"[1, 1, 1, 0]",10,512,4
2,7.5,2016,0.8737739939824678,"[1, 1, 0, 0]",10,512,4
4,7.5,2018,0.8828308069787454,"[1, 1, 0, 0]",10,512,4
8,7.5,2022,0.8929188390029594,"[1, 1, 0, 0]",10,512,4
16,7.5,2030,0.9050507399952039,"[1, 1, 0, 0]",10,512,4
32,7.5,2046,0.9218038179969881,"[1, 1, 0, 0]",10,512,4
64,7.5,2078,0.947456167981727,"[1, 1, 0, 0]",10,512,4
128,7.5,2142,0.9919022090034559,"[1, 1, 0, 0]",10,512,4
256,7.5,2270,1.0772869419888593,"[1, 1, 0, 0]",10,512,4
512,7.5,2516,1.2504161639953963,"[1, 1, 0, 0]",10,512,4
0,10.0,2516,1.2592051059764344,"[1, 0, 1, 0]",10,512,5
1,10.0,2517,1.2688984370033722,"[1, 0, 1, 0]",10,512,5
2,10.0,2518,1.277762477984652,"[1, 0, 1, 0]",10,512,5
4,10.0,2520,1.2888307929970324,"[1, 0, 1, 0]",10,512,5
8,10.0,2524,1.3007323979982175,"[1, 0, 1, 0]",10,512,5
16,10.0,2532,1.3152065699978266,"[1, 0, 1, 0]",10,512,5
32,10.0,2548,1.335909012996126,"[1, 0, 1, 0]",10,512,5
64,10.0,2580,1.370144768996397,"[1, 0, 1, 0]",10,512,5
128,10.0,2644,1.4271413389942609,"[1, 0, 1, 0]",10,512,5
256,10.0,2772,1.5345013789774384,"[1, 0, 1, 0]",10,512,5
512,10.0,3016,1.739326541981427,"[1, 0, 1, 0]",10,512,5
0,0.0,3016,1.7492057489871513,"[1, 1, 1, 1]",10,512,6
1,0.0,3017,1.7588999689905904,"[1, 1, 1, 1]",10,512,6
2,0.0,3018,1.769502922979882,"[1, 1, 1, 1]",10,512,6
4,0.0,3020,1.7803080409939867,"[1, 1, 1, 1]",10,512,6
8,0.0,3024,1.7937541760038584,"[1, 1, 1, 1]",10,512,6
16,0.0,3032,1.8091624219960067,"[1, 1, 1, 1]",10,512,6
32,0.0,3048,1.831872686976567,"[1, 1, 1, 1]",10,512,6
64,0.0,3080,1.8672187429910991,"[1, 1, 1, 1]",10,512,6
128,0.0,3144,1.9311317589890677,"[1, 1, 1, 1]",10,512,6
256,0.0,3272,2.0526672639825847,"[1, 1, 1, 1]",10,512,6
512,0.0,3516,2.2892745930003002,"[1, 1, 1, 1]",10,512,6
0,0.0,3516,2.2993207839899696,"[1, 0, 1, 1]",10,512,7
1,0.0,3517,2.3096370849816594,"[1, 0, 1, 1]",10,512,7
2,0.0,3518,2.3208922559861094,"[1, 0, 1, 1]",10,512,7
4,10.0,3521,2.3326590310025495,"[1, 0, 1, 0]",10,512,7
8,10.0,3525,2.3458299030025955,"[1, 0, 1, 0]",10,512,7
16,10.0,3533,2.3634337359981146,"[1, 0, 1, 0]",10,512,7
32,10.0,3549,2.389493469003355,"[1, 0, 1, 0]",10,512,7
64,10.0,3581,2.429706338996766,"[1, 0, 1, 0]",10,512,7
128,10.0,3645,2.5025023049965966,"[1, 0, 1, 0]",10,512,7
256,10.0,3773,2.647960426984355,"[1, 0, 1, 0]",10,512,7
512,10.0,4020,2.9211524529964663,"[1, 0, 1, 0]",10,512,7
0,0.0,4020,2.931725150992861,"[1, 0, 0, 1]",10,512,8
1,2.5,4022,2.9430530089884996,"[1, 0, 0, 0]",10,512,8
2,7.5,4024,2.9546819340030197,"[1, 1, 0, 0]",10,512,8
4,7.5,4026,2.9677067599841394,"[1, 1, 0, 0]",10,512,8
8,7.5,4030,2.9823248499887995,"[1, 1, 0, 0]",10,512,8
16,7.5,4038,3.0027020759880543,"[1, 1, 0, 0]",10,512,8
32,7.5,4054,3.031675820995588,"[1, 1, 0, 0]",10,512,8
64,7.5,4086,3.07741765800165,"[1, 1, 0, 0]",10,512,8
128,7.5,4150,3.160540999000659,"[1, 1, 0, 0]",10,512,8
256,7.5,4278,3.3176585729815997,"[1, 1, 0, 0]",10,512,8
512,7.5,4524,3.6259203020017594,"[1, 1, 0, 0]",10,512,8
0,0.0,4524,3.6374234709946904,"[1, 0, 0, 1]",10,512,9
1,10.0,4526,3.6500056499789935,"[0, 0, 0, 1]",10,512,9
2,10.0,4527,3.66222325299168,"[0, 0, 0, 1]",10,512,9
4,10.0,4529,3.6763615050003864,"[0, 0, 0, 1]",10,512,9
8,10.0,4533,3.6933533459960017,"[0, 0, 0, 1]",10,512,9
16,10.0,4541,3.7148582660011016,"[0, 0, 0, 1]",10,512,9
32,10.0,4557,3.7463685459806584,"[0, 0, 0, 1]",10,512,9
64,10.0,4589,3.798824956989847,"[0, 0, 0, 1]",10,512,9
128,10.0,4653,3.89103458399768,"[0, 0, 0, 1]",10,512,9
256,10.0,4781,4.068627379980171,"[0, 0, 0, 1]",10,512,9
512,10.0,5026,4.418013508984586,"[0, 0, 0, 1]",10,512,9
0,0.0,5026,4.430122828984167,"[0, 0, 1, 1]",10,512,10
1,0.0,5027,4.443770969985053,"[0, 0, 1, 1]",10,512,10
2,0.0,5028,4.4575031559797935,"[0, 0, 1, 1]",10,512,10
4,10.0,5032,4.472757502982859,"[1, 0, 1, 0]",10,512,10
8,10.0,5036,4.490072129992768,"[1, 0, 1, 0]",10,512,10
16,10.0,5044,4.5132917419832665,"[1, 0, 1, 0]",10,512,10
32,10.0,5060,4.547067827981664,"[1, 0, 1, 0]",10,512,10
64,10.0,5092,4.608227035991149,"[1, 0, 1, 0]",10,512,10
128,10.0,5156,4.714427728991723,"[1, 0, 1, 0]",10,512,10
256,10.0,5284,4.916254120995291,"[1, 0, 1, 0]",10,512,10
512,10.0,5532,5.312775929982308,"[1, 0, 1, 0]",10,512,10
0,0.0,0,0.00010253401705995202,"[0, 1, 1, 0]",15,512,0
1,5.0,2,0.013048137014266104,"[0, 1, 0, 0]",15,512,0
2,5.0,3,0.02633521001553163,"[0, 1, 0, 0]",15,512,0
4,5.0,5,0.04061494499910623,"[0, 1, 0, 0]",15,512,0
8,7.5,10,0.05363776700687595,"[1, 1, 0, 0]",15,512,0
16,7.5,18,0.06714630802161992,"[1, 1, 0, 0]",15,512,0
32,7.5,34,0.08235984400380403,"[1, 1, 0, 0]",15,512,0
64,7.5,66,0.097855508007342,"[1, 1, 0, 0]",15,512,0
128,7.5,130,0.11486435201368295,"[1, 1, 0, 0]",15,512,0
256,7.5,258,0.1403869659989141,"[1, 1, 0, 0]",15,512,0
512,7.5,507,0.18825309802195989,"[1, 1, 0, 0]",15,512,0
0,0.0,507,0.20313866701326333,"[1, 0, 1, 1]",15,512,1
1,0.0,508,0.21715264100930654,"[1, 0, 1, 1]",15,512,1
2,0.0,509,0.23098322900477797,"[1, 0, 1, 1]",15,512,1
4,0.0,511,0.24574195701279677,"[1, 0, 1, 1]",15,512,1
8,10.0,516,0.26077190702199005,"[1, 0, 1, 0]",15,512,1
16,10.0,524,0.27738008101005107,"[1, 0, 1, 0]",15,512,1
32,10.0,540,0.2945495150052011,"[1, 0, 1, 0]",15,512,1
64,10.0,572,0.31520095202722587,"[1, 0, 1, 0]",15,512,1
128,10.0,636,0.3428390879998915,"[1, 0, 1, 0]",15,512,1
256,10.0,764,0.3867756800027564,"[1, 0, 1, 0]",15,512,1
512,10.0,1013,0.47021762101212516,"[1, 0, 1, 0]",15,512,1
0,0.0,1013,0.4862388129986357,"[1, 1, 1, 1]",15,512,2
1,0.0,1014,0.5017405690159649,"[1, 1, 1, 1]",15,512,2
2,0.0,1015,0.517011869000271,"[1, 1, 1, 1]",15,512,2
4,0.0,1017,0.5330778410134371,"[1, 1, 1, 1]",15,512,2
8,0.0,1021,0.549827663024189,"[1, 1, 1, 1]",15,512,2
16,0.0,1029,0.5679114900121931,"[1, 1, 1, 1]",15,512,2
32,0.0,1045,0.5890050360176247,"[1, 1, 1, 1]",15,512,2
64,0.0,1077,0.6145049960177857,"[1, 1, 1, 1]",15,512,2
128,0.0,1141,0.6514894050196745,"[1, 1, 1, 1]",15,512,2
256,0.0,1269,0.7150055240199436,"[1, 1, 1, 1]",15,512,2
512,0.0,1513,0.8333164000068791,"[1, 1, 1, 1]",15,512,2
0,10.0,1513,0.8491968330054078,"[1, 0, 1, 0]",15,512,3
1,10.0,1514,0.8649259260273539,"[1, 0, 1, 0]",15,512,3
2,10.0,1515,0.8813160690187942,"[1, 0, 1, 0]",15,512,3
4,10.0,1517,0.8976176850264892,"[1, 0, 1, 0]",15,512,3
8,10.0,1521,0.9151400470000226,"[1, 0, 1, 0]",15,512,3
16,10.0,1529,0.93520191902644,"[1, 0, 1, 0]",15,512,3
32,10.0,1545,0.9591454550100025,"[1, 0, 1, 0]",15,512,3
64,10.0,1577,0.9907205880153924,"[1, 0, 1, 0]",15,512,3
128,10.0,1641,1.0376727730035782,"[1, 0, 1, 0]",15,512,3
256,10.0,1769,1.120459659025073,"[1, 0, 1, 0]",15,512,3
512,10.0,2013,1.2799643220205326,"[1, 0, 1, 0]",15,512,3
0,0.0,2013,1.2972661390085705,"[1, 1, 1, 0]",15,512,4
1,0.0,2014,1.3147555850155186,"[1, 1, 1, 0]",15,512,4
2,7.5,2016,1.3322307460184675,"[1, 1, 0, 0]",15,512,4
4,7.5,2018,1.3504156680137385,"[1, 1, 0, 0]",15,512,4
8,7.5,2022,1.3695238710206468,"[1, 1, 0, 0]",15,512,4
16,7.5,2030,1.392589905008208,"[1, 1, 0, 0]",15,512,4
32,7.5,2046,1.4184065720182844,"[1, 1, 0, 0]",15,512,4
64,7.5,2078,1.4557464750250801,"[1, 1, 0, 0]",15,512,4
128,7.5,2142,1.5139855760207865,"[1, 1, 0, 0]",15,512,4
256,7.5,2270,1.6171874350111466,"[1, 1, 0, 0]",15,512,4
512,7.5,2516,1.814656687027309,"[1, 1, 0, 0]",15,512,4
0,10.0,2516,1.8325614940258674,"[1, 0, 1, 0]",15,512,5
1,10.0,2517,1.851481921999948,"[1, 0, 1, 0]",15,512,5
2,10.0,2518,1.8695527380041312,"[1, 0, 1, 0]",15,512,5
4,10.0,2520,1.8899665400094818,"[1, 0, 1, 0]",15,512,5
8,10.0,2524,1.9104813290177844,"[1, 0, 1, 0]",15,512,5
16,10.0,2532,1.9339457120222505,"[1, 0, 1, 0]",15,512,5
32,10.0,2548,1.9627624110144097,"[1, 0, 1, 0]",15,512,5
64,10.0,2580,2.0037712850025855,"[1, 0, 1, 0]",15,512,5
128,10.0,2644,2.067770958004985,"[1, 0, 1, 0]",15,512,5
256,10.0,2772,2.189170944999205,"[1, 0, 1, 0]",15,512,5
512,10.0,3016,2.419984875014052,"[1, 0, 1, 0]",15,512,5
0,0.0,3016,2.437772395001957,"[1, 1, 1, 1]",15,512,6
1,0.0,3017,2.4566861650091596,"[1, 1, 1, 1]",15,512,6
2,0.0,3018,2.47528148200945,"[1, 1, 1, 1]",15,512,6
4,0.0,3020,2.4946627950121183,"[1, 1, 1, 1]",15,512,6
8,0.0,3024,2.5151967700221576,"[1, 1, 1, 1]",15,512,6
16,0.0,3032,2.539980813016882,"[1, 1, 1, 1]",15,512,6
32,0.0,3048,2.570653877017321,"[1, 1, 1, 1]",15,512,6
64,0.0,3080,2.616294593026396,"[1, 1, 1, 1]",15,512,6
128,0.0,3144,2.6910118100058753,"[1, 1, 1, 1]",15,512,6
256,0.0,3272,2.8211120890046004,"[1, 1, 1, 1]",15,512,6
512,0.0,3516,3.063548616017215,"[1, 1, 1, 1]",15,512,6
0,0.0,3516,3.0824156690214295,"[1, 0, 1, 1]",15,512,7
1,0.0,3517,3.101968269009376,"[1, 0, 1, 1]",15,512,7
2,0.0,3518,3.120391863019904,"[1, 0, 1, 1]",15,512,7
4,10.0,3521,3.1403935300186276,"[1, 0, 1, 0]",15,512,7
8,10.0,3525,3.161647310014814,"[1, 0, 1, 0]",15,512,7
16,10.0,3533,3.1896952710230835,"[1, 0, 1, 0]",15,512,7
32,10.0,3549,3.2222355010162573,"[1, 0, 1, 0]",15,512,7
64,10.0,3581,3.273070662020473,"[1, 0, 1, 0]",15,512,7
128,10.0,3645,3.3559247860102914,"[1, 0, 1, 0]",15,512,7
256,10.0,3773,3.5032524160051253,"[1, 0, 1, 0]",15,512,7
512,10.0,4020,3.7825363440206274,"[1, 0, 1, 0]",15,512,7
0,0.0,4020,3.8022972790058702,"[1, 0, 0, 1]",15,512,8
1,2.5,4022,3.8219973500235938,"[1, 0, 0, 0]",15,512,8
2,7.5,4024,3.8416323850105982,"[1, 1, 0, 0]",15,512,8
4,7.5,4026,3.862039245024789,"[1, 1, 0, 0]",15,512,8
8,7.5,4030,3.8859824820247013,"[1, 1, 0, 0]",15,512,8
16,7.5,4038,3.9138095490052365,"[1, 1, 0, 0]",15,512,8
32,7.5,4054,3.949166711012367,"[1, 1, 0, 0]",15,512,8
64,7.5,4086,4.004628214024706,"[1, 1, 0, 0]",15,512,8
128,7.5,4150,4.094889437023085,"[1, 1, 0, 0]",15,512,8
256,7.5,4278,4.256680303020403,"[1, 1, 0, 0]",15,512,8
512,7.5,4524,4.5789228880021255,"[1, 1, 0, 0]",15,512,8
0,0.0,4524,4.599185848026536,"[1, 0, 0, 1]",15,512,9
1,10.0,4526,4.619887002016185,"[0, 0, 0, 1]",15,512,9
2,10.0,4527,4.641574847017182,"[0, 0, 0, 1]",15,512,9
4,10.0,4529,4.663356032018783,"[0, 0, 0, 1]",15,512,9
8,10.0,4533,4.690012087026844,"[0, 0, 0, 1]",15,512,9
16,10.0,4541,4.718843980022939,"[0, 0, 0, 1]",15,512,9
32,10.0,4557,4.757479705003789,"[0, 0, 0, 1]",15,512,9
64,10.0,4589,4.818395782000152,"[0, 0, 0, 1]",15,512,9
128,10.0,4653,4.920946182013722,"[0, 0, 0, 1]",15,512,9
256,10.0,4781,5.107621190021746,"[0, 0, 0, 1]",15,512,9
512,10.0,5026,5.4616205420170445,"[0, 0, 0, 1]",15,512,9
0,0.0,5026,5.481736974004889,"[0, 0, 1, 1]",15,512,10
1,0.0,5027,5.503158433013596,"[0, 0, 1, 1]",15,512,10
2,0.0,5028,5.524631507025333,"[0, 0, 1, 1]",15,512,10
4,10.0,5032,5.547189341014018,"[1, 0, 1, 0]",15,512,10
8,10.0,5036,5.572576151025714,"[1, 0, 1, 0]",15,512,10
16,10.0,5044,5.603106346010463,"[1, 0, 1, 0]",15,512,10
32,10.0,5060,5.643952582002385,"[1, 0, 1, 0]",15,512,10
64,10.0,5092,5.709903161012335,"[1, 0, 1, 0]",15,512,10
128,10.0,5156,5.816147672012448,"[1, 0, 1, 0]",15,512,10
256,10.0,5284,6.014647419011453,"[1, 0, 1, 0]",15,512,10
512,10.0,5532,6.401019924000138,"[1, 0, 1, 0]",15,512,10
0,0.0,5532,6.42206821902073,"[0, 0, 1, 1]",15,512,11
1,10.0,5534,6.443765607022215,"[0, 0, 0, 1]",15,512,11
2,10.0,5535,6.465779765014304,"[0, 0, 0, 1]",15,512,11
4,10.0,5537,6.489382163010305,"[0, 0, 0, 1]",15,512,11
8,10.0,5541,6.515840274019865,"[0, 0, 0, 1]",15,512,11
16,10.0,5549,6.548419471015222,"[0, 0, 0, 1]",15,512,11
32,10.0,5565,6.593336164020002,"[0, 0, 0, 1]",15,512,11
64,10.0,5597,6.6620057390246075,"[0, 0, 0, 1]",15,512,11
128,10.0,5661,6.781237156013958,"[0, 0, 0, 1]",15,512,11
256,10.0,5789,7.002982192003401,"[0, 0, 0, 1]",15,512,11
512,10.0,6034,7.432221953000408,"[0, 0, 0, 1]",15,512,11
0,2.5,6034,7.453927021007985,"[1, 0, 0, 0]",15,512,12
1,2.5,6035,7.477185316005489,"[1, 0, 0, 0]",15,512,12
2,2.5,6036,7.500042904022848,"[1, 0, 0, 0]",15,512,12
4,2.5,6038,7.524703679024242,"[1, 0, 0, 0]",15,512,12
8,7.5,6043,7.551682489021914,"[1, 1, 0, 0]",15,512,12
16,7.5,6051,7.586239766998915,"[1, 1, 0, 0]",15,512,12
32,7.5,6067,7.634266025008401,"[1, 1, 0, 0]",15,512,12
64,7.5,6099,7.712061609025113,"[1, 1, 0, 0]",15,512,12
128,7.5,6163,7.838562448014272,"[1, 1, 0, 0]",15,512,12
256,7.5,6291,8.083307096007047,"[1, 1, 0, 0]",15,512,12
512,7.5,6540,8.542956317018252,"[1, 1, 0, 0]",15,512,12
0,7.5,6540,8.564811690011993,"[0, 0, 1, 0]",15,512,13
1,7.5,6541,8.588845540012699,"[0, 0, 1, 0]",15,512,13
2,7.5,6542,8.612801864015637,"[0, 0, 1, 0]",15,512,13
4,7.5,6544,8.638221216009697,"[0, 0, 1, 0]",15,512,13
8,10.0,6549,8.667215359018883,"[1, 0, 1, 0]",15,512,13
16,10.0,6557,8.704352708999068,"[1, 0, 1, 0]",15,512,13
32,10.0,6573,8.75523523800075,"[1, 0, 1, 0]",15,512,13
64,10.0,6605,8.835415048000868,"[1, 0, 1, 0]",15,512,13
128,10.0,6669,8.973757928004488,"[1, 0, 1, 0]",15,512,13
256,10.0,6797,9.241528826009016,"[1, 0, 1, 0]",15,512,13
512,10.0,7048,9.754793577012606,"[1, 0, 1, 0]",15,512,13
0,0.0,7048,9.77892130802502,"[0, 0, 1, 1]",15,512,14
1,7.5,7050,9.804613913001958,"[0, 0, 1, 0]",15,512,14
2,7.5,7051,9.82963022601325,"[0, 0, 1, 0]",15,512,14
4,10.0,7054,9.856729888007976,"[1, 0, 1, 0]",15,512,14
8,10.0,7058,9.886734396015527,"[1, 0, 1, 0]",15,512,14
16,10.0,7066,9.92501670101774,"[1, 0, 1, 0]",15,512,14
32,10.0,7082,9.978004649019567,"[1, 0, 1, 0]",15,512,14
64,10.0,7114,10.063025605020812,"[1, 0, 1, 0]",15,512,14
128,10.0,7178,10.213052207021974,"[1, 0, 1, 0]",15,512,14
256,10.0,7306,10.495859203016153,"[1, 0, 1, 0]",15,512,14
512,10.0,7554,11.028719178022584,"[1, 0, 1, 0]",15,512,14
0,7.5,7554,11.052496214018902,"[1, 1, 0, 0]",15,512,15
1,7.5,7555,11.077715862018522,"[1, 1, 0, 0]",15,512,15
2,7.5,7556,11.10328355600359,"[1, 1, 0, 0]",15,512,15
4,7.5,7558,11.130812463001348,"[1, 1, 0, 0]",15,512,15
8,7.5,7562,11.162428971001646,"[1, 1, 0, 0]",15,512,15
16,7.5,7570,11.2027696770092,"[1, 1, 0, 0]",15,512,15
32,7.5,7586,11.264203830010956,"[1, 1, 0, 0]",15,512,15
64,7.5,7618,11.360983758000657,"[1, 1, 0, 0]",15,512,15
128,7.5,7682,11.52170775202103,"[1, 1, 0, 0]",15,512,15
256,7.5,7810,11.82456796601764,"[1, 1, 0, 0]",15,512,15
512,7.5,8054,12.388806456001475,"[1, 1, 0, 0]",15,512,15
